experiment_name,measurement_id,time_s,power_watts
single_qwen3.5-27b_bigcodebench_20260531_195535,1,0.0,117.19
single_qwen3.5-27b_bigcodebench_20260531_195535,1,0.1,116.9
single_qwen3.5-27b_bigcodebench_20260531_195535,1,0.2,117.0
single_qwen3.5-27b_bigcodebench_20260531_195535,1,0.3,117.09
single_qwen3.5-27b_bigcodebench_20260531_195535,1,0.4,117.0
single_qwen3.5-27b_bigcodebench_20260531_195535,1,0.5,117.09
single_qwen3.5-27b_bigcodebench_20260531_195535,1,0.6,117.14
single_qwen3.5-27b_bigcodebench_20260531_195535,1,0.7,117.09
single_qwen3.5-27b_bigcodebench_20260531_195535,1,0.8,117.09
single_qwen3.5-27b_bigcodebench_20260531_195535,1,0.9,117.09
single_qwen3.5-27b_bigcodebench_20260531_195535,1,1.0,117.08
single_qwen3.5-27b_bigcodebench_20260531_195535,1,1.1,117.0
single_qwen3.5-27b_bigcodebench_20260531_195535,1,1.2,117.19
single_qwen3.5-27b_bigcodebench_20260531_195535,1,1.3,116.98
single_qwen3.5-27b_bigcodebench_20260531_195535,1,1.4,117.07
single_qwen3.5-27b_bigcodebench_20260531_195535,1,1.5,116.87
single_qwen3.5-27b_bigcodebench_20260531_195535,1,1.6,117.07
single_qwen3.5-27b_bigcodebench_20260531_195535,1,1.7,117.16
single_qwen3.5-27b_bigcodebench_20260531_195535,1,1.8,116.97
single_qwen3.5-27b_bigcodebench_20260531_195535,1,1.9,117.07
single_qwen3.5-27b_bigcodebench_20260531_195535,1,2.0,117.07
single_qwen3.5-27b_bigcodebench_20260531_195535,1,2.1,117.16
single_qwen3.5-27b_bigcodebench_20260531_195535,1,2.2,117.07
single_qwen3.5-27b_bigcodebench_20260531_195535,1,2.3,117.07
single_qwen3.5-27b_bigcodebench_20260531_195535,1,2.4,116.97
single_qwen3.5-27b_bigcodebench_20260531_195535,1,2.5,117.16
single_qwen3.5-27b_bigcodebench_20260531_195535,1,2.6,117.07
single_qwen3.5-27b_bigcodebench_20260531_195535,1,2.7,117.06
single_qwen3.5-27b_bigcodebench_20260531_195535,1,2.8,117.07
single_qwen3.5-27b_bigcodebench_20260531_195535,1,2.9,117.26
single_qwen3.5-27b_bigcodebench_20260531_195535,1,3.0,117.16
single_qwen3.5-27b_bigcodebench_20260531_195535,1,3.1,117.07
single_qwen3.5-27b_bigcodebench_20260531_195535,1,3.2,116.97
single_qwen3.5-27b_bigcodebench_20260531_195535,1,3.3,117.07
single_qwen3.5-27b_bigcodebench_20260531_195535,1,3.4,117.07
single_qwen3.5-27b_bigcodebench_20260531_195535,1,3.5,116.97
single_qwen3.5-27b_bigcodebench_20260531_195535,1,3.6,117.08
single_qwen3.5-27b_bigcodebench_20260531_195535,1,3.7,117.07
single_qwen3.5-27b_bigcodebench_20260531_195535,1,3.8,117.07
single_qwen3.5-27b_bigcodebench_20260531_195535,1,3.9,117.16
single_qwen3.5-27b_bigcodebench_20260531_195535,1,4.0,117.07
single_qwen3.5-27b_bigcodebench_20260531_195535,1,4.1,116.98
single_qwen3.5-27b_bigcodebench_20260531_195535,1,4.2,117.07
single_qwen3.5-27b_bigcodebench_20260531_195535,1,4.3,117.07
single_qwen3.5-27b_bigcodebench_20260531_195535,1,4.4,117.07
single_qwen3.5-27b_bigcodebench_20260531_195535,1,4.5,117.07
single_qwen3.5-27b_bigcodebench_20260531_195535,1,4.6,116.97
single_qwen3.5-27b_bigcodebench_20260531_195535,1,4.7,117.07
single_qwen3.5-27b_bigcodebench_20260531_195535,1,4.8,117.06
single_qwen3.5-27b_bigcodebench_20260531_195535,1,4.9,116.96
single_qwen3.5-27b_bigcodebench_20260531_195535,1,5.0,117.07
single_qwen3.5-27b_bigcodebench_20260531_195535,1,5.1,116.97
single_qwen3.5-27b_bigcodebench_20260531_195535,1,5.2,117.07
single_qwen3.5-27b_bigcodebench_20260531_195535,1,5.3,117.07
single_qwen3.5-27b_bigcodebench_20260531_195535,1,5.4,117.07
single_qwen3.5-27b_bigcodebench_20260531_195535,1,5.5,116.96
single_qwen3.5-27b_bigcodebench_20260531_195535,1,5.6,117.06
single_qwen3.5-27b_bigcodebench_20260531_195535,1,5.7,117.15
single_qwen3.5-27b_bigcodebench_20260531_195535,1,5.8,117.07
single_qwen3.5-27b_bigcodebench_20260531_195535,1,5.9,116.97
single_qwen3.5-27b_bigcodebench_20260531_195535,1,6.0,116.97
single_qwen3.5-27b_bigcodebench_20260531_195535,1,6.1,116.97
single_qwen3.5-27b_bigcodebench_20260531_195535,1,6.2,116.97
single_qwen3.5-27b_bigcodebench_20260531_195535,1,6.3,116.97
single_qwen3.5-27b_bigcodebench_20260531_195535,1,6.4,116.97
single_qwen3.5-27b_bigcodebench_20260531_195535,1,6.5,117.07
single_qwen3.5-27b_bigcodebench_20260531_195535,1,6.6,117.06
single_qwen3.5-27b_bigcodebench_20260531_195535,1,6.7,117.16
single_qwen3.5-27b_bigcodebench_20260531_195535,1,6.8,117.07
single_qwen3.5-27b_bigcodebench_20260531_195535,1,6.9,117.07
single_qwen3.5-27b_bigcodebench_20260531_195535,1,7.0,117.07
single_qwen3.5-27b_bigcodebench_20260531_195535,1,7.1,117.16
single_qwen3.5-27b_bigcodebench_20260531_195535,1,7.2,116.97
single_qwen3.5-27b_bigcodebench_20260531_195535,1,7.3,116.97
single_qwen3.5-27b_bigcodebench_20260531_195535,1,7.4,117.07
single_qwen3.5-27b_bigcodebench_20260531_195535,1,7.5,117.07
single_qwen3.5-27b_bigcodebench_20260531_195535,1,7.6,116.96
single_qwen3.5-27b_bigcodebench_20260531_195535,1,7.7,116.97
single_qwen3.5-27b_bigcodebench_20260531_195535,1,7.8,117.07
single_qwen3.5-27b_bigcodebench_20260531_195535,1,7.9,116.86
single_qwen3.5-27b_bigcodebench_20260531_195535,1,8.0,116.87
single_qwen3.5-27b_bigcodebench_20260531_195535,1,8.1,117.09
single_qwen3.5-27b_bigcodebench_20260531_195535,1,8.2,116.89
single_qwen3.5-27b_bigcodebench_20260531_195535,1,8.3,116.9
single_qwen3.5-27b_bigcodebench_20260531_195535,1,8.4,116.9
single_qwen3.5-27b_bigcodebench_20260531_195535,1,8.5,116.79
single_qwen3.5-27b_bigcodebench_20260531_195535,1,8.6,116.98
single_qwen3.5-27b_bigcodebench_20260531_195535,1,8.7,116.8
single_qwen3.5-27b_bigcodebench_20260531_195535,1,8.8,117.0
single_qwen3.5-27b_bigcodebench_20260531_195535,1,8.9,116.8
single_qwen3.5-27b_bigcodebench_20260531_195535,1,9.0,116.9
single_qwen3.5-27b_bigcodebench_20260531_195535,1,9.1,116.79
single_qwen3.5-27b_bigcodebench_20260531_195535,1,9.2,116.97
single_qwen3.5-27b_bigcodebench_20260531_195535,1,9.3,117.07
single_qwen3.5-27b_bigcodebench_20260531_195535,1,9.4,117.07
single_qwen3.5-27b_bigcodebench_20260531_195535,1,9.5,116.87
single_qwen3.5-27b_bigcodebench_20260531_195535,1,9.6,117.07
single_qwen3.5-27b_bigcodebench_20260531_195535,1,9.7,116.9
single_qwen3.5-27b_bigcodebench_20260531_195535,1,9.8,117.0
single_qwen3.5-27b_bigcodebench_20260531_195535,1,9.9,116.9
single_qwen3.5-27b_bigcodebench_20260531_195535,1,10.0,116.89
single_qwen3.5-27b_bigcodebench_20260531_195535,1,10.1,117.0
single_qwen3.5-27b_bigcodebench_20260531_195535,1,10.2,116.79
single_qwen3.5-27b_bigcodebench_20260531_195535,1,10.3,116.87
single_qwen3.5-27b_bigcodebench_20260531_195535,1,10.4,116.87
single_qwen3.5-27b_bigcodebench_20260531_195535,1,10.5,116.87
single_qwen3.5-27b_bigcodebench_20260531_195535,1,10.6,116.87
single_qwen3.5-27b_bigcodebench_20260531_195535,1,10.7,117.07
single_qwen3.5-27b_bigcodebench_20260531_195535,1,10.8,116.96
single_qwen3.5-27b_bigcodebench_20260531_195535,1,10.9,116.97
single_qwen3.5-27b_bigcodebench_20260531_195535,1,11.0,116.97
single_qwen3.5-27b_bigcodebench_20260531_195535,1,11.1,116.78
single_qwen3.5-27b_bigcodebench_20260531_195535,1,11.2,116.87
single_qwen3.5-27b_bigcodebench_20260531_195535,1,11.3,116.87
single_qwen3.5-27b_bigcodebench_20260531_195535,1,11.4,116.97
single_qwen3.5-27b_bigcodebench_20260531_195535,1,11.5,116.78
single_qwen3.5-27b_bigcodebench_20260531_195535,1,11.6,116.96
single_qwen3.5-27b_bigcodebench_20260531_195535,1,11.7,116.97
single_qwen3.5-27b_bigcodebench_20260531_195535,1,11.8,116.97
single_qwen3.5-27b_bigcodebench_20260531_195535,1,11.9,116.87
single_qwen3.5-27b_bigcodebench_20260531_195535,1,12.0,116.87
single_qwen3.5-27b_bigcodebench_20260531_195535,1,12.1,116.77
single_qwen3.5-27b_bigcodebench_20260531_195535,1,12.2,116.87
single_qwen3.5-27b_bigcodebench_20260531_195535,1,12.3,116.78
single_qwen3.5-27b_bigcodebench_20260531_195535,1,12.4,116.87
single_qwen3.5-27b_bigcodebench_20260531_195535,1,12.5,116.78
single_qwen3.5-27b_bigcodebench_20260531_195535,1,12.6,116.87
single_qwen3.5-27b_bigcodebench_20260531_195535,1,12.7,116.78
single_qwen3.5-27b_bigcodebench_20260531_195535,1,12.8,116.87
single_qwen3.5-27b_bigcodebench_20260531_195535,1,12.9,116.87
single_qwen3.5-27b_bigcodebench_20260531_195535,1,13.0,116.78
single_qwen3.5-27b_bigcodebench_20260531_195535,1,13.1,116.78
single_qwen3.5-27b_bigcodebench_20260531_195535,1,13.2,116.76
single_qwen3.5-27b_bigcodebench_20260531_195535,1,13.3,116.87
single_qwen3.5-27b_bigcodebench_20260531_195535,1,13.4,116.78
single_qwen3.5-27b_bigcodebench_20260531_195535,1,13.5,116.97
single_qwen3.5-27b_bigcodebench_20260531_195535,1,13.6,116.87
single_qwen3.5-27b_bigcodebench_20260531_195535,1,13.7,116.87
single_qwen3.5-27b_bigcodebench_20260531_195535,1,13.8,116.87
single_qwen3.5-27b_bigcodebench_20260531_195535,1,13.9,116.87
single_qwen3.5-27b_bigcodebench_20260531_195535,1,14.0,116.87
single_qwen3.5-27b_bigcodebench_20260531_195535,1,14.1,116.87
single_qwen3.5-27b_bigcodebench_20260531_195535,1,14.2,116.78
single_qwen3.5-27b_bigcodebench_20260531_195535,1,14.3,116.7
single_qwen3.5-27b_bigcodebench_20260531_195535,1,14.4,116.78
single_qwen3.5-27b_bigcodebench_20260531_195535,1,14.5,116.89
single_qwen3.5-27b_bigcodebench_20260531_195535,1,14.6,116.8
single_qwen3.5-27b_bigcodebench_20260531_195535,1,14.7,116.79
single_qwen3.5-27b_bigcodebench_20260531_195535,1,14.8,116.77
single_qwen3.5-27b_bigcodebench_20260531_195535,1,14.9,116.86
single_qwen3.5-27b_bigcodebench_20260531_195535,1,15.0,116.78
single_qwen3.5-27b_bigcodebench_20260531_195535,1,15.1,116.77
single_qwen3.5-27b_bigcodebench_20260531_195535,1,15.2,116.87
single_qwen3.5-27b_bigcodebench_20260531_195535,1,15.3,116.68
single_qwen3.5-27b_bigcodebench_20260531_195535,1,15.4,116.78
single_qwen3.5-27b_bigcodebench_20260531_195535,1,15.5,116.87
single_qwen3.5-27b_bigcodebench_20260531_195535,1,15.6,116.87
single_qwen3.5-27b_bigcodebench_20260531_195535,1,15.7,116.87
single_qwen3.5-27b_bigcodebench_20260531_195535,1,15.8,116.68
single_qwen3.5-27b_bigcodebench_20260531_195535,1,15.9,116.87
single_qwen3.5-27b_bigcodebench_20260531_195535,1,16.0,116.87
single_qwen3.5-27b_bigcodebench_20260531_195535,1,16.1,116.78
single_qwen3.5-27b_bigcodebench_20260531_195535,1,16.2,116.87
single_qwen3.5-27b_bigcodebench_20260531_195535,1,16.3,116.69
single_qwen3.5-27b_bigcodebench_20260531_195535,1,16.4,116.89
single_qwen3.5-27b_bigcodebench_20260531_195535,1,16.5,116.78
single_qwen3.5-27b_bigcodebench_20260531_195535,1,16.6,116.58
single_qwen3.5-27b_bigcodebench_20260531_195535,1,16.7,116.68
single_qwen3.5-27b_bigcodebench_20260531_195535,1,16.8,116.87
single_qwen3.5-27b_bigcodebench_20260531_195535,1,16.9,116.68
single_qwen3.5-27b_bigcodebench_20260531_195535,1,17.0,116.85
single_qwen3.5-27b_bigcodebench_20260531_195535,1,17.1,116.76
single_qwen3.5-27b_bigcodebench_20260531_195535,1,17.2,116.68
single_qwen3.5-27b_bigcodebench_20260531_195535,1,17.3,116.78
single_qwen3.5-27b_bigcodebench_20260531_195535,1,17.4,116.78
single_qwen3.5-27b_bigcodebench_20260531_195535,1,17.5,116.87
single_qwen3.5-27b_bigcodebench_20260531_195535,1,17.6,116.87
single_qwen3.5-27b_bigcodebench_20260531_195535,1,17.7,116.77
single_qwen3.5-27b_bigcodebench_20260531_195535,1,17.8,116.68
single_qwen3.5-27b_bigcodebench_20260531_195535,1,17.9,116.71
single_qwen3.5-27b_bigcodebench_20260531_195535,1,18.0,116.68
single_qwen3.5-27b_bigcodebench_20260531_195535,1,18.1,116.78
single_qwen3.5-27b_bigcodebench_20260531_195535,1,18.2,116.78
single_qwen3.5-27b_bigcodebench_20260531_195535,1,18.3,116.78
single_qwen3.5-27b_bigcodebench_20260531_195535,1,18.4,116.68
single_qwen3.5-27b_bigcodebench_20260531_195535,1,18.5,116.77
single_qwen3.5-27b_bigcodebench_20260531_195535,1,18.6,116.68
single_qwen3.5-27b_bigcodebench_20260531_195535,1,18.7,116.78
single_qwen3.5-27b_bigcodebench_20260531_195535,1,18.8,116.87
single_qwen3.5-27b_bigcodebench_20260531_195535,1,18.9,116.78
single_qwen3.5-27b_bigcodebench_20260531_195535,1,19.0,116.87
single_qwen3.5-27b_bigcodebench_20260531_195535,1,19.1,116.68
single_qwen3.5-27b_bigcodebench_20260531_195535,1,19.2,116.77
single_qwen3.5-27b_bigcodebench_20260531_195535,1,19.3,116.98
single_qwen3.5-27b_bigcodebench_20260531_195535,1,19.4,116.68
single_qwen3.5-27b_bigcodebench_20260531_195535,1,19.5,116.78
single_qwen3.5-27b_bigcodebench_20260531_195535,1,19.6,116.78
single_qwen3.5-27b_bigcodebench_20260531_195535,1,19.7,116.68
single_qwen3.5-27b_bigcodebench_20260531_195535,1,19.8,116.68
single_qwen3.5-27b_bigcodebench_20260531_195535,1,19.9,116.78
single_qwen3.5-27b_bigcodebench_20260531_195535,1,20.0,116.87
single_qwen3.5-27b_bigcodebench_20260531_195535,1,20.1,116.78
single_qwen3.5-27b_bigcodebench_20260531_195535,1,20.2,116.68
single_qwen3.5-27b_bigcodebench_20260531_195535,1,20.3,116.77
single_qwen3.5-27b_bigcodebench_20260531_195535,1,20.4,116.78
single_qwen3.5-27b_bigcodebench_20260531_195535,1,20.5,116.87
single_qwen3.5-27b_bigcodebench_20260531_195535,1,20.6,116.87
single_qwen3.5-27b_bigcodebench_20260531_195535,1,20.7,116.87
single_qwen3.5-27b_bigcodebench_20260531_195535,1,20.8,116.77
single_qwen3.5-27b_bigcodebench_20260531_195535,1,20.9,116.68
single_qwen3.5-27b_bigcodebench_20260531_195535,1,21.0,116.77
single_qwen3.5-27b_bigcodebench_20260531_195535,1,21.1,116.68
single_qwen3.5-27b_bigcodebench_20260531_195535,1,21.2,116.68
single_qwen3.5-27b_bigcodebench_20260531_195535,1,21.3,116.87
single_qwen3.5-27b_bigcodebench_20260531_195535,1,21.4,116.87
single_qwen3.5-27b_bigcodebench_20260531_195535,1,21.5,116.77
single_qwen3.5-27b_bigcodebench_20260531_195535,1,21.6,116.68
single_qwen3.5-27b_bigcodebench_20260531_195535,1,21.7,116.87
single_qwen3.5-27b_bigcodebench_20260531_195535,1,21.8,116.76
single_qwen3.5-27b_bigcodebench_20260531_195535,1,21.9,116.68
single_qwen3.5-27b_bigcodebench_20260531_195535,1,22.0,116.68
single_qwen3.5-27b_bigcodebench_20260531_195535,1,22.1,116.9
single_qwen3.5-27b_bigcodebench_20260531_195535,1,22.2,116.9
single_qwen3.5-27b_bigcodebench_20260531_195535,1,22.3,116.7
single_qwen3.5-27b_bigcodebench_20260531_195535,1,22.4,116.89
single_qwen3.5-27b_bigcodebench_20260531_195535,1,22.5,116.8
single_qwen3.5-27b_bigcodebench_20260531_195535,1,22.6,116.89
single_qwen3.5-27b_bigcodebench_20260531_195535,1,22.7,116.69
single_qwen3.5-27b_bigcodebench_20260531_195535,1,22.8,116.89
single_qwen3.5-27b_bigcodebench_20260531_195535,1,22.9,116.8
single_qwen3.5-27b_bigcodebench_20260531_195535,1,23.0,116.89
single_qwen3.5-27b_bigcodebench_20260531_195535,1,23.1,116.68
single_qwen3.5-27b_bigcodebench_20260531_195535,1,23.2,116.77
single_qwen3.5-27b_bigcodebench_20260531_195535,1,23.3,116.68
single_qwen3.5-27b_bigcodebench_20260531_195535,1,23.4,116.77
single_qwen3.5-27b_bigcodebench_20260531_195535,1,23.5,116.66
single_qwen3.5-27b_bigcodebench_20260531_195535,1,23.6,116.7
single_qwen3.5-27b_bigcodebench_20260531_195535,1,23.7,116.69
single_qwen3.5-27b_bigcodebench_20260531_195535,1,23.8,116.7
single_qwen3.5-27b_bigcodebench_20260531_195535,1,23.9,116.77
single_qwen3.5-27b_bigcodebench_20260531_195535,1,24.0,116.58
single_qwen3.5-27b_bigcodebench_20260531_195535,1,24.1,116.77
single_qwen3.5-27b_bigcodebench_20260531_195535,1,24.2,116.68
single_qwen3.5-27b_bigcodebench_20260531_195535,1,24.3,121.7
single_qwen3.5-27b_bigcodebench_20260531_195535,1,24.4,161.86
single_qwen3.5-27b_bigcodebench_20260531_195535,1,24.5,162.07
single_qwen3.5-27b_bigcodebench_20260531_195535,1,24.6,161.66
single_qwen3.5-27b_bigcodebench_20260531_195535,1,24.7,161.76
single_qwen3.5-27b_bigcodebench_20260531_195535,1,24.8,163.2
single_qwen3.5-27b_bigcodebench_20260531_195535,1,24.9,163.02
single_qwen3.5-27b_bigcodebench_20260531_195535,1,25.0,162.34
single_qwen3.5-27b_bigcodebench_20260531_195535,1,25.1,166.09
single_qwen3.5-27b_bigcodebench_20260531_195535,1,25.2,168.72
single_qwen3.5-27b_bigcodebench_20260531_195535,1,25.3,164.62
single_qwen3.5-27b_bigcodebench_20260531_195535,1,25.4,163.91
single_qwen3.5-27b_bigcodebench_20260531_195535,1,25.5,164.5
single_qwen3.5-27b_bigcodebench_20260531_195535,1,25.6,161.75
single_qwen3.5-27b_bigcodebench_20260531_195535,1,25.7,161.57
single_qwen3.5-27b_bigcodebench_20260531_195535,1,25.8,162.35
single_qwen3.5-27b_bigcodebench_20260531_195535,1,25.9,162.56
single_qwen3.5-27b_bigcodebench_20260531_195535,1,26.0,162.27
single_qwen3.5-27b_bigcodebench_20260531_195535,1,26.1,162.37
single_qwen3.5-27b_bigcodebench_20260531_195535,1,26.2,162.45
single_qwen3.5-27b_bigcodebench_20260531_195535,1,26.3,163.03
single_qwen3.5-27b_bigcodebench_20260531_195535,1,26.4,163.61
single_qwen3.5-27b_bigcodebench_20260531_195535,1,26.5,164.31
single_qwen3.5-27b_bigcodebench_20260531_195535,1,26.6,165.59
single_qwen3.5-27b_bigcodebench_20260531_195535,1,26.7,165.6
single_qwen3.5-27b_bigcodebench_20260531_195535,1,26.8,165.98
single_qwen3.5-27b_bigcodebench_20260531_195535,1,26.9,165.3
single_qwen3.5-27b_bigcodebench_20260531_195535,1,27.0,165.8
single_qwen3.5-27b_bigcodebench_20260531_195535,1,27.1,166.28
single_qwen3.5-27b_bigcodebench_20260531_195535,1,27.2,165.88
single_qwen3.5-27b_bigcodebench_20260531_195535,1,27.3,166.18
single_qwen3.5-27b_bigcodebench_20260531_195535,1,27.4,166.86
single_qwen3.5-27b_bigcodebench_20260531_195535,1,27.5,165.28
single_qwen3.5-27b_bigcodebench_20260531_195535,1,27.6,165.69
single_qwen3.5-27b_bigcodebench_20260531_195535,1,27.7,165.88
single_qwen3.5-27b_bigcodebench_20260531_195535,1,27.8,165.77
single_qwen3.5-27b_bigcodebench_20260531_195535,1,27.9,165.1
single_qwen3.5-27b_bigcodebench_20260531_195535,1,28.0,164.4
single_qwen3.5-27b_bigcodebench_20260531_195535,1,28.1,165.3
single_qwen3.5-27b_bigcodebench_20260531_195535,1,28.2,165.18
single_qwen3.5-27b_bigcodebench_20260531_195535,1,28.3,165.59
single_qwen3.5-27b_bigcodebench_20260531_195535,1,28.4,165.28
single_qwen3.5-27b_bigcodebench_20260531_195535,1,28.5,164.69
single_qwen3.5-27b_bigcodebench_20260531_195535,1,28.6,164.09
single_qwen3.5-27b_bigcodebench_20260531_195535,1,28.7,164.01
single_qwen3.5-27b_bigcodebench_20260531_195535,1,28.8,164.3
single_qwen3.5-27b_bigcodebench_20260531_195535,1,28.9,163.23
single_qwen3.5-27b_bigcodebench_20260531_195535,1,29.0,266.07
single_qwen3.5-27b_bigcodebench_20260531_195535,1,29.1,325.07
single_qwen3.5-27b_bigcodebench_20260531_195535,1,29.2,259.06
single_qwen3.5-27b_bigcodebench_20260531_195535,1,29.3,162.83
single_qwen3.5-27b_bigcodebench_20260531_195535,1,29.4,171.0
single_qwen3.5-27b_bigcodebench_20260531_195535,1,29.5,173.68
single_qwen3.5-27b_bigcodebench_20260531_195535,1,29.6,169.03
single_qwen3.5-27b_bigcodebench_20260531_195535,1,29.7,168.74
single_qwen3.5-27b_bigcodebench_20260531_195535,1,29.8,166.19
single_qwen3.5-27b_bigcodebench_20260531_195535,1,29.9,162.17
single_qwen3.5-27b_bigcodebench_20260531_195535,1,30.0,161.76
single_qwen3.5-27b_bigcodebench_20260531_195535,1,30.1,161.49
single_qwen3.5-27b_bigcodebench_20260531_195535,1,30.2,162.44
single_qwen3.5-27b_bigcodebench_20260531_195535,1,30.3,162.25
single_qwen3.5-27b_bigcodebench_20260531_195535,1,30.4,162.65
single_qwen3.5-27b_bigcodebench_20260531_195535,1,30.5,161.65
single_qwen3.5-27b_bigcodebench_20260531_195535,1,30.6,161.38
single_qwen3.5-27b_bigcodebench_20260531_195535,1,30.7,161.67
single_qwen3.5-27b_bigcodebench_20260531_195535,1,30.8,161.57
single_qwen3.5-27b_bigcodebench_20260531_195535,1,30.9,161.66
single_qwen3.5-27b_bigcodebench_20260531_195535,1,31.0,161.65
single_qwen3.5-27b_bigcodebench_20260531_195535,1,31.1,162.57
single_qwen3.5-27b_bigcodebench_20260531_195535,1,31.2,162.45
single_qwen3.5-27b_bigcodebench_20260531_195535,1,31.3,161.76
single_qwen3.5-27b_bigcodebench_20260531_195535,1,31.4,161.95
single_qwen3.5-27b_bigcodebench_20260531_195535,1,31.5,162.66
single_qwen3.5-27b_bigcodebench_20260531_195535,1,31.6,162.75
single_qwen3.5-27b_bigcodebench_20260531_195535,1,31.7,162.36
single_qwen3.5-27b_bigcodebench_20260531_195535,1,31.8,162.25
single_qwen3.5-27b_bigcodebench_20260531_195535,1,31.9,162.63
single_qwen3.5-27b_bigcodebench_20260531_195535,1,32.0,162.73
single_qwen3.5-27b_bigcodebench_20260531_195535,1,32.1,163.04
single_qwen3.5-27b_bigcodebench_20260531_195535,1,32.2,162.44
single_qwen3.5-27b_bigcodebench_20260531_195535,1,32.3,162.54
single_qwen3.5-27b_bigcodebench_20260531_195535,1,32.4,161.58
single_qwen3.5-27b_bigcodebench_20260531_195535,1,32.5,161.86
single_qwen3.5-27b_bigcodebench_20260531_195535,1,32.6,161.66
single_qwen3.5-27b_bigcodebench_20260531_195535,1,32.7,161.99
single_qwen3.5-27b_bigcodebench_20260531_195535,1,32.8,162.44
single_qwen3.5-27b_bigcodebench_20260531_195535,1,32.9,162.55
single_qwen3.5-27b_bigcodebench_20260531_195535,1,33.0,161.76
single_qwen3.5-27b_bigcodebench_20260531_195535,1,33.1,161.55
single_qwen3.5-27b_bigcodebench_20260531_195535,1,33.2,162.34
single_qwen3.5-27b_bigcodebench_20260531_195535,1,33.3,162.56
single_qwen3.5-27b_bigcodebench_20260531_195535,1,33.4,162.05
single_qwen3.5-27b_bigcodebench_20260531_195535,1,33.5,161.66
single_qwen3.5-27b_bigcodebench_20260531_195535,1,33.6,162.36
single_qwen3.5-27b_bigcodebench_20260531_195535,1,33.7,162.74
single_qwen3.5-27b_bigcodebench_20260531_195535,1,33.8,162.65
single_qwen3.5-27b_bigcodebench_20260531_195535,1,33.9,162.05
single_qwen3.5-27b_bigcodebench_20260531_195535,1,34.0,161.76
single_qwen3.5-27b_bigcodebench_20260531_195535,1,34.1,162.84
single_qwen3.5-27b_bigcodebench_20260531_195535,1,34.2,163.13
single_qwen3.5-27b_bigcodebench_20260531_195535,1,34.3,163.13
single_qwen3.5-27b_bigcodebench_20260531_195535,1,34.4,163.62
single_qwen3.5-27b_bigcodebench_20260531_195535,1,34.5,163.72
single_qwen3.5-27b_bigcodebench_20260531_195535,1,34.6,162.93
single_qwen3.5-27b_bigcodebench_20260531_195535,1,34.7,162.15
single_qwen3.5-27b_bigcodebench_20260531_195535,1,34.8,162.65
single_qwen3.5-27b_bigcodebench_20260531_195535,1,34.9,162.44
single_qwen3.5-27b_bigcodebench_20260531_195535,1,35.0,162.63
single_qwen3.5-27b_bigcodebench_20260531_195535,1,35.1,162.24
single_qwen3.5-27b_bigcodebench_20260531_195535,1,35.2,161.97
single_qwen3.5-27b_bigcodebench_20260531_195535,1,35.3,162.63
single_qwen3.5-27b_bigcodebench_20260531_195535,1,35.4,162.65
single_qwen3.5-27b_bigcodebench_20260531_195535,1,35.5,162.65
single_qwen3.5-27b_bigcodebench_20260531_195535,1,35.6,161.68
single_qwen3.5-27b_bigcodebench_20260531_195535,1,35.7,161.97
single_qwen3.5-27b_bigcodebench_20260531_195535,1,35.8,162.63
single_qwen3.5-27b_bigcodebench_20260531_195535,1,35.9,162.85
single_qwen3.5-27b_bigcodebench_20260531_195535,1,36.0,162.25
single_qwen3.5-27b_bigcodebench_20260531_195535,1,36.1,162.25
single_qwen3.5-27b_bigcodebench_20260531_195535,1,36.2,162.76
single_qwen3.5-27b_bigcodebench_20260531_195535,1,36.3,162.93
single_qwen3.5-27b_bigcodebench_20260531_195535,1,36.4,162.38
single_qwen3.5-27b_bigcodebench_20260531_195535,1,36.5,162.44
single_qwen3.5-27b_bigcodebench_20260531_195535,1,36.6,163.04
single_qwen3.5-27b_bigcodebench_20260531_195535,1,36.7,163.31
single_qwen3.5-27b_bigcodebench_20260531_195535,1,36.8,162.93
single_qwen3.5-27b_bigcodebench_20260531_195535,1,36.9,162.73
single_qwen3.5-27b_bigcodebench_20260531_195535,1,37.0,164.11
single_qwen3.5-27b_bigcodebench_20260531_195535,1,37.1,162.15
single_qwen3.5-27b_bigcodebench_20260531_195535,1,37.2,162.15
single_qwen3.5-27b_bigcodebench_20260531_195535,1,37.3,162.16
single_qwen3.5-27b_bigcodebench_20260531_195535,1,37.4,162.94
single_qwen3.5-27b_bigcodebench_20260531_195535,1,37.5,162.83
single_qwen3.5-27b_bigcodebench_20260531_195535,1,37.6,162.83
single_qwen3.5-27b_bigcodebench_20260531_195535,1,37.7,163.43
single_qwen3.5-27b_bigcodebench_20260531_195535,1,37.8,164.72
single_qwen3.5-27b_bigcodebench_20260531_195535,1,37.9,345.99
single_qwen3.5-27b_bigcodebench_20260531_195535,1,38.0,502.92
single_qwen3.5-27b_bigcodebench_20260531_195535,1,38.1,477.9
single_qwen3.5-27b_bigcodebench_20260531_195535,1,38.2,555.58
single_qwen3.5-27b_bigcodebench_20260531_195535,1,38.3,530.53
single_qwen3.5-27b_bigcodebench_20260531_195535,1,38.4,520.11
single_qwen3.5-27b_bigcodebench_20260531_195535,1,38.5,509.69
single_qwen3.5-27b_bigcodebench_20260531_195535,1,38.6,517.01
single_qwen3.5-27b_bigcodebench_20260531_195535,1,38.7,528.79
single_qwen3.5-27b_bigcodebench_20260531_195535,1,38.8,564.12
single_qwen3.5-27b_bigcodebench_20260531_195535,1,38.9,440.36
single_qwen3.5-27b_bigcodebench_20260531_195535,1,39.0,495.35
single_qwen3.5-27b_bigcodebench_20260531_195535,1,39.1,415.51
single_qwen3.5-27b_bigcodebench_20260531_195535,1,39.2,780.89
single_qwen3.5-27b_bigcodebench_20260531_195535,1,39.3,440.71
single_qwen3.5-27b_bigcodebench_20260531_195535,1,39.4,483.8
single_qwen3.5-27b_bigcodebench_20260531_195535,1,39.5,433.52
single_qwen3.5-27b_bigcodebench_20260531_195535,1,39.6,738.91
single_qwen3.5-27b_bigcodebench_20260531_195535,1,39.7,437.52
single_qwen3.5-27b_bigcodebench_20260531_195535,1,39.8,460.02
single_qwen3.5-27b_bigcodebench_20260531_195535,1,39.9,481.55
single_qwen3.5-27b_bigcodebench_20260531_195535,1,40.0,635.63
single_qwen3.5-27b_bigcodebench_20260531_195535,1,40.1,649.85
single_qwen3.5-27b_bigcodebench_20260531_195535,1,40.2,442.22
single_qwen3.5-27b_bigcodebench_20260531_195535,1,40.3,655.87
single_qwen3.5-27b_bigcodebench_20260531_195535,1,40.4,484.31
single_qwen3.5-27b_bigcodebench_20260531_195535,1,40.5,491.68
single_qwen3.5-27b_bigcodebench_20260531_195535,1,40.6,711.17
single_qwen3.5-27b_bigcodebench_20260531_195535,1,40.7,486.9
single_qwen3.5-27b_bigcodebench_20260531_195535,1,40.8,618.24
single_qwen3.5-27b_bigcodebench_20260531_195535,1,40.9,430.5
single_qwen3.5-27b_bigcodebench_20260531_195535,1,41.0,759.03
single_qwen3.5-27b_bigcodebench_20260531_195535,1,41.1,423.55
single_qwen3.5-27b_bigcodebench_20260531_195535,1,41.2,600.98
single_qwen3.5-27b_bigcodebench_20260531_195535,1,41.3,432.17
single_qwen3.5-27b_bigcodebench_20260531_195535,1,41.4,795.03
single_qwen3.5-27b_bigcodebench_20260531_195535,1,41.5,378.5
single_qwen3.5-27b_bigcodebench_20260531_195535,1,41.6,593.78
single_qwen3.5-27b_bigcodebench_20260531_195535,1,41.7,414.15
single_qwen3.5-27b_bigcodebench_20260531_195535,1,41.8,750.8
single_qwen3.5-27b_bigcodebench_20260531_195535,1,41.9,381.28
single_qwen3.5-27b_bigcodebench_20260531_195535,1,42.0,517.16
single_qwen3.5-27b_bigcodebench_20260531_195535,1,42.1,702.6
single_qwen3.5-27b_bigcodebench_20260531_195535,1,42.2,346.32
single_qwen3.5-27b_bigcodebench_20260531_195535,1,42.3,375.14
single_qwen3.5-27b_bigcodebench_20260531_195535,1,42.4,543.99
single_qwen3.5-27b_bigcodebench_20260531_195535,1,42.5,681.55
single_qwen3.5-27b_bigcodebench_20260531_195535,1,42.6,407.29
single_qwen3.5-27b_bigcodebench_20260531_195535,1,42.7,379.71
single_qwen3.5-27b_bigcodebench_20260531_195535,1,42.8,616.17
single_qwen3.5-27b_bigcodebench_20260531_195535,1,42.9,636.14
single_qwen3.5-27b_bigcodebench_20260531_195535,1,43.0,620.88
single_qwen3.5-27b_bigcodebench_20260531_195535,1,43.1,392.09
single_qwen3.5-27b_bigcodebench_20260531_195535,1,43.2,770.3
single_qwen3.5-27b_bigcodebench_20260531_195535,1,43.3,530.5
single_qwen3.5-27b_bigcodebench_20260531_195535,1,43.4,345.44
single_qwen3.5-27b_bigcodebench_20260531_195535,1,43.5,704.12
single_qwen3.5-27b_bigcodebench_20260531_195535,1,43.6,538.41
single_qwen3.5-27b_bigcodebench_20260531_195535,1,43.7,563.45
single_qwen3.5-27b_bigcodebench_20260531_195535,1,43.8,385.65
single_qwen3.5-27b_bigcodebench_20260531_195535,1,43.9,669.69
single_qwen3.5-27b_bigcodebench_20260531_195535,1,44.0,525.66
single_qwen3.5-27b_bigcodebench_20260531_195535,1,44.1,492.33
single_qwen3.5-27b_bigcodebench_20260531_195535,1,44.2,552.67
single_qwen3.5-27b_bigcodebench_20260531_195535,1,44.3,421.05
single_qwen3.5-27b_bigcodebench_20260531_195535,1,44.4,486.38
single_qwen3.5-27b_bigcodebench_20260531_195535,1,44.5,528.25
single_qwen3.5-27b_bigcodebench_20260531_195535,1,44.6,516.2
single_qwen3.5-27b_bigcodebench_20260531_195535,1,44.7,600.58
single_qwen3.5-27b_bigcodebench_20260531_195535,1,44.8,349.34
single_qwen3.5-27b_bigcodebench_20260531_195535,1,44.9,173.22
single_qwen3.5-27b_bigcodebench_20260531_195535,1,45.0,169.45
single_qwen3.5-27b_bigcodebench_20260531_195535,1,45.1,168.24
single_qwen3.5-27b_bigcodebench_20260531_195535,1,45.2,197.6
single_qwen3.5-27b_bigcodebench_20260531_195535,1,45.3,196.55
single_qwen3.5-27b_bigcodebench_20260531_195535,1,45.4,169.43
single_qwen3.5-27b_bigcodebench_20260531_195535,1,45.5,168.64
single_qwen3.5-27b_bigcodebench_20260531_195535,1,45.6,268.53
single_qwen3.5-27b_bigcodebench_20260531_195535,1,45.7,378.29
single_qwen3.5-27b_bigcodebench_20260531_195535,1,45.8,531.75
single_qwen3.5-27b_bigcodebench_20260531_195535,1,45.9,379.4
single_qwen3.5-27b_bigcodebench_20260531_195535,1,46.0,379.94
single_qwen3.5-27b_bigcodebench_20260531_195535,1,46.1,206.33
single_qwen3.5-27b_bigcodebench_20260531_195535,1,46.2,502.72
single_qwen3.5-27b_bigcodebench_20260531_195535,1,46.3,399.94
single_qwen3.5-27b_bigcodebench_20260531_195535,1,46.4,168.56
single_qwen3.5-27b_bigcodebench_20260531_195535,1,46.5,170.12
single_qwen3.5-27b_bigcodebench_20260531_195535,1,46.6,169.32
single_qwen3.5-27b_bigcodebench_20260531_195535,1,46.7,169.23
single_qwen3.5-27b_bigcodebench_20260531_195535,1,46.8,169.03
single_qwen3.5-27b_bigcodebench_20260531_195535,1,46.9,177.37
single_qwen3.5-27b_bigcodebench_20260531_195535,1,47.0,179.7
single_qwen3.5-27b_bigcodebench_20260531_195535,1,47.1,174.21
single_qwen3.5-27b_bigcodebench_20260531_195535,1,47.2,174.71
single_qwen3.5-27b_bigcodebench_20260531_195535,1,47.3,175.28
single_qwen3.5-27b_bigcodebench_20260531_195535,1,47.4,176.08
single_qwen3.5-27b_bigcodebench_20260531_195535,1,47.5,177.75
single_qwen3.5-27b_bigcodebench_20260531_195535,1,47.6,205.69
single_qwen3.5-27b_bigcodebench_20260531_195535,1,47.7,210.77
single_qwen3.5-27b_bigcodebench_20260531_195535,1,47.8,197.64
single_qwen3.5-27b_bigcodebench_20260531_195535,1,47.9,168.94
single_qwen3.5-27b_bigcodebench_20260531_195535,1,48.0,167.85
single_qwen3.5-27b_bigcodebench_20260531_195535,1,48.1,476.8
single_qwen3.5-27b_bigcodebench_20260531_195535,1,48.2,669.71
single_qwen3.5-27b_bigcodebench_20260531_195535,1,48.3,649.79
single_qwen3.5-27b_bigcodebench_20260531_195535,1,48.4,645.63
single_qwen3.5-27b_bigcodebench_20260531_195535,1,48.5,632.53
single_qwen3.5-27b_bigcodebench_20260531_195535,1,48.6,507.67
single_qwen3.5-27b_bigcodebench_20260531_195535,1,48.7,456.78
single_qwen3.5-27b_bigcodebench_20260531_195535,1,48.8,610.2
single_qwen3.5-27b_bigcodebench_20260531_195535,1,48.9,384.4
single_qwen3.5-27b_bigcodebench_20260531_195535,1,49.0,657.85
single_qwen3.5-27b_bigcodebench_20260531_195535,1,49.1,650.25
single_qwen3.5-27b_bigcodebench_20260531_195535,1,49.2,446.81
single_qwen3.5-27b_bigcodebench_20260531_195535,1,49.3,402.22
single_qwen3.5-27b_bigcodebench_20260531_195535,1,49.4,379.97
single_qwen3.5-27b_bigcodebench_20260531_195535,1,49.5,650.63
single_qwen3.5-27b_bigcodebench_20260531_195535,1,49.6,475.55
single_qwen3.5-27b_bigcodebench_20260531_195535,1,49.7,392.1
single_qwen3.5-27b_bigcodebench_20260531_195535,1,49.8,483.21
single_qwen3.5-27b_bigcodebench_20260531_195535,1,49.9,664.52
single_qwen3.5-27b_bigcodebench_20260531_195535,1,50.0,460.95
single_qwen3.5-27b_bigcodebench_20260531_195535,1,50.1,468.14
single_qwen3.5-27b_bigcodebench_20260531_195535,1,50.2,515.41
single_qwen3.5-27b_bigcodebench_20260531_195535,1,50.3,528.73
single_qwen3.5-27b_bigcodebench_20260531_195535,1,50.4,483.86
single_qwen3.5-27b_bigcodebench_20260531_195535,1,50.5,449.32
single_qwen3.5-27b_bigcodebench_20260531_195535,1,50.6,479.63
single_qwen3.5-27b_bigcodebench_20260531_195535,1,50.7,636.5
single_qwen3.5-27b_bigcodebench_20260531_195535,1,50.8,572.01
single_qwen3.5-27b_bigcodebench_20260531_195535,1,50.9,505.82
single_qwen3.5-27b_bigcodebench_20260531_195535,1,51.0,662.36
single_qwen3.5-27b_bigcodebench_20260531_195535,1,51.1,432.91
single_qwen3.5-27b_bigcodebench_20260531_195535,1,51.2,473.75
single_qwen3.5-27b_bigcodebench_20260531_195535,1,51.3,557.35
single_qwen3.5-27b_bigcodebench_20260531_195535,1,51.4,616.07
single_qwen3.5-27b_bigcodebench_20260531_195535,1,51.5,620.77
single_qwen3.5-27b_bigcodebench_20260531_195535,1,51.6,570.32
single_qwen3.5-27b_bigcodebench_20260531_195535,1,51.7,534.03
single_qwen3.5-27b_bigcodebench_20260531_195535,1,51.8,503.79
single_qwen3.5-27b_bigcodebench_20260531_195535,1,51.9,467.35
single_qwen3.5-27b_bigcodebench_20260531_195535,1,52.0,475.61
single_qwen3.5-27b_bigcodebench_20260531_195535,1,52.1,552.68
single_qwen3.5-27b_bigcodebench_20260531_195535,1,52.2,571.07
single_qwen3.5-27b_bigcodebench_20260531_195535,1,52.3,498.76
single_qwen3.5-27b_bigcodebench_20260531_195535,1,52.4,464.45
single_qwen3.5-27b_bigcodebench_20260531_195535,1,52.5,377.04
single_qwen3.5-27b_bigcodebench_20260531_195535,1,52.6,279.49
single_qwen3.5-27b_bigcodebench_20260531_195535,1,52.7,407.73
single_qwen3.5-27b_bigcodebench_20260531_195535,1,52.8,474.26
single_qwen3.5-27b_bigcodebench_20260531_195535,1,52.9,244.0
single_qwen3.5-27b_bigcodebench_20260531_195535,1,53.0,353.51
single_qwen3.5-27b_bigcodebench_20260531_195535,1,53.1,271.25
single_qwen3.5-27b_bigcodebench_20260531_195535,1,53.2,329.71
single_qwen3.5-27b_bigcodebench_20260531_195535,1,53.3,249.09
single_qwen3.5-27b_bigcodebench_20260531_195535,1,53.4,255.88
single_qwen3.5-27b_bigcodebench_20260531_195535,1,53.5,209.27
single_qwen3.5-27b_bigcodebench_20260531_195535,1,53.6,173.07
single_qwen3.5-27b_bigcodebench_20260531_195535,1,53.7,673.95
single_qwen3.5-27b_bigcodebench_20260531_195535,1,53.8,170.02
single_qwen3.5-27b_bigcodebench_20260531_195535,1,53.9,430.89
single_qwen3.5-27b_bigcodebench_20260531_195535,1,54.0,254.41
single_qwen3.5-27b_bigcodebench_20260531_195535,1,54.1,424.33
single_qwen3.5-27b_bigcodebench_20260531_195535,1,54.2,536.28
single_qwen3.5-27b_bigcodebench_20260531_195535,1,54.3,662.14
single_qwen3.5-27b_bigcodebench_20260531_195535,1,54.4,678.41
single_qwen3.5-27b_bigcodebench_20260531_195535,1,54.5,659.44
single_qwen3.5-27b_bigcodebench_20260531_195535,1,54.6,543.81
single_qwen3.5-27b_bigcodebench_20260531_195535,1,54.7,438.26
single_qwen3.5-27b_bigcodebench_20260531_195535,1,54.8,526.36
single_qwen3.5-27b_bigcodebench_20260531_195535,1,54.9,504.06
single_qwen3.5-27b_bigcodebench_20260531_195535,1,55.0,562.0
single_qwen3.5-27b_bigcodebench_20260531_195535,1,55.1,508.29
single_qwen3.5-27b_bigcodebench_20260531_195535,1,55.2,624.45
single_qwen3.5-27b_bigcodebench_20260531_195535,1,55.3,653.7
single_qwen3.5-27b_bigcodebench_20260531_195535,1,55.4,469.67
single_qwen3.5-27b_bigcodebench_20260531_195535,1,55.5,265.76
single_qwen3.5-27b_bigcodebench_20260531_195535,1,55.6,391.17
single_qwen3.5-27b_bigcodebench_20260531_195535,1,55.7,600.65
single_qwen3.5-27b_bigcodebench_20260531_195535,1,55.8,525.61
single_qwen3.5-27b_bigcodebench_20260531_195535,1,55.9,236.86
single_qwen3.5-27b_bigcodebench_20260531_195535,1,56.0,451.12
single_qwen3.5-27b_bigcodebench_20260531_195535,1,56.1,281.4
single_qwen3.5-27b_bigcodebench_20260531_195535,1,56.2,463.35
single_qwen3.5-27b_bigcodebench_20260531_195535,1,56.3,229.93
single_qwen3.5-27b_bigcodebench_20260531_195535,1,56.4,369.71
single_qwen3.5-27b_bigcodebench_20260531_195535,1,56.5,198.42
single_qwen3.5-27b_bigcodebench_20260531_195535,1,56.6,351.67
single_qwen3.5-27b_bigcodebench_20260531_195535,1,56.7,175.27
single_qwen3.5-27b_bigcodebench_20260531_195535,1,56.8,308.13
single_qwen3.5-27b_bigcodebench_20260531_195535,1,56.9,174.88
single_qwen3.5-27b_bigcodebench_20260531_195535,1,57.0,174.6
single_qwen3.5-27b_bigcodebench_20260531_195535,1,57.1,174.3
single_qwen3.5-27b_bigcodebench_20260531_195535,1,57.2,450.2
single_qwen3.5-27b_bigcodebench_20260531_195535,1,57.3,170.41
single_qwen3.5-27b_bigcodebench_20260531_195535,1,57.4,169.81
single_qwen3.5-27b_bigcodebench_20260531_195535,1,57.5,174.13
single_qwen3.5-27b_bigcodebench_20260531_195535,1,57.6,173.85
single_qwen3.5-27b_bigcodebench_20260531_195535,1,57.7,173.75
single_qwen3.5-27b_bigcodebench_20260531_195535,1,57.8,173.86
single_qwen3.5-27b_bigcodebench_20260531_195535,1,57.9,173.67
single_qwen3.5-27b_bigcodebench_20260531_195535,1,58.0,173.67
single_qwen3.5-27b_bigcodebench_20260531_195535,1,58.1,173.57
single_qwen3.5-27b_bigcodebench_20260531_195535,1,58.2,172.79
single_qwen3.5-27b_bigcodebench_20260531_195535,1,58.3,172.88
single_qwen3.5-27b_bigcodebench_20260531_195535,1,58.4,173.68
single_qwen3.5-27b_bigcodebench_20260531_195535,1,58.5,174.16
single_qwen3.5-27b_bigcodebench_20260531_195535,1,58.6,172.5
single_qwen3.5-27b_bigcodebench_20260531_195535,1,58.7,173.16
single_qwen3.5-27b_bigcodebench_20260531_195535,1,58.8,173.38
single_qwen3.5-27b_bigcodebench_20260531_195535,1,58.9,172.1
single_qwen3.5-27b_bigcodebench_20260531_195535,1,59.0,172.5
single_qwen3.5-27b_bigcodebench_20260531_195535,1,59.1,172.99
single_qwen3.5-27b_bigcodebench_20260531_195535,1,59.2,173.18
single_qwen3.5-27b_bigcodebench_20260531_195535,1,59.3,173.14
single_qwen3.5-27b_bigcodebench_20260531_195535,1,59.4,172.37
single_qwen3.5-27b_bigcodebench_20260531_195535,1,59.5,172.88
single_qwen3.5-27b_bigcodebench_20260531_195535,1,59.6,173.36
single_qwen3.5-27b_bigcodebench_20260531_195535,1,59.7,172.0
single_qwen3.5-27b_bigcodebench_20260531_195535,1,59.8,172.16
single_qwen3.5-27b_bigcodebench_20260531_195535,1,59.9,172.4
single_qwen3.5-27b_bigcodebench_20260531_195535,1,60.0,172.77
single_qwen3.5-27b_bigcodebench_20260531_195535,1,60.1,173.07
single_qwen3.5-27b_bigcodebench_20260531_195535,1,60.2,172.1
single_qwen3.5-27b_bigcodebench_20260531_195535,1,60.3,172.2
single_qwen3.5-27b_bigcodebench_20260531_195535,1,60.4,172.2
single_qwen3.5-27b_bigcodebench_20260531_195535,1,60.5,172.2
single_qwen3.5-27b_bigcodebench_20260531_195535,1,60.6,172.31
single_qwen3.5-27b_bigcodebench_20260531_195535,1,60.7,172.99
single_qwen3.5-27b_bigcodebench_20260531_195535,1,60.8,173.09
single_qwen3.5-27b_bigcodebench_20260531_195535,1,60.9,172.79
single_qwen3.5-27b_bigcodebench_20260531_195535,1,61.0,172.79
single_qwen3.5-27b_bigcodebench_20260531_195535,1,61.1,172.79
single_qwen3.5-27b_bigcodebench_20260531_195535,1,61.2,172.31
single_qwen3.5-27b_bigcodebench_20260531_195535,1,61.3,172.89
single_qwen3.5-27b_bigcodebench_20260531_195535,1,61.4,172.7
single_qwen3.5-27b_bigcodebench_20260531_195535,1,61.5,175.69
single_qwen3.5-27b_bigcodebench_20260531_195535,1,61.6,173.07
single_qwen3.5-27b_bigcodebench_20260531_195535,1,61.7,172.3
single_qwen3.5-27b_bigcodebench_20260531_195535,1,61.8,333.58
single_qwen3.5-27b_bigcodebench_20260531_195535,1,61.9,652.35
single_qwen3.5-27b_bigcodebench_20260531_195535,1,62.0,622.59
single_qwen3.5-27b_bigcodebench_20260531_195535,1,62.1,591.44
single_qwen3.5-27b_bigcodebench_20260531_195535,1,62.2,607.51
single_qwen3.5-27b_bigcodebench_20260531_195535,1,62.3,595.2
single_qwen3.5-27b_bigcodebench_20260531_195535,1,62.4,612.95
single_qwen3.5-27b_bigcodebench_20260531_195535,1,62.5,598.46
single_qwen3.5-27b_bigcodebench_20260531_195535,1,62.6,609.51
single_qwen3.5-27b_bigcodebench_20260531_195535,1,62.7,556.32
single_qwen3.5-27b_bigcodebench_20260531_195535,1,62.8,591.23
single_qwen3.5-27b_bigcodebench_20260531_195535,1,62.9,577.46
single_qwen3.5-27b_bigcodebench_20260531_195535,1,63.0,615.47
single_qwen3.5-27b_bigcodebench_20260531_195535,1,63.1,610.05
single_qwen3.5-27b_bigcodebench_20260531_195535,1,63.2,605.91
single_qwen3.5-27b_bigcodebench_20260531_195535,1,63.3,603.58
single_qwen3.5-27b_bigcodebench_20260531_195535,1,63.4,597.66
single_qwen3.5-27b_bigcodebench_20260531_195535,1,63.5,605.79
single_qwen3.5-27b_bigcodebench_20260531_195535,1,63.6,593.31
single_qwen3.5-27b_bigcodebench_20260531_195535,1,63.7,592.84
single_qwen3.5-27b_bigcodebench_20260531_195535,1,63.8,599.83
single_qwen3.5-27b_bigcodebench_20260531_195535,1,63.9,611.26
single_qwen3.5-27b_bigcodebench_20260531_195535,1,64.0,602.66
single_qwen3.5-27b_bigcodebench_20260531_195535,1,64.1,603.92
single_qwen3.5-27b_bigcodebench_20260531_195535,1,64.2,603.35
single_qwen3.5-27b_bigcodebench_20260531_195535,1,64.3,608.0
single_qwen3.5-27b_bigcodebench_20260531_195535,1,64.4,604.02
single_qwen3.5-27b_bigcodebench_20260531_195535,1,64.5,597.05
single_qwen3.5-27b_bigcodebench_20260531_195535,1,64.6,599.46
single_qwen3.5-27b_bigcodebench_20260531_195535,1,64.7,587.36
single_qwen3.5-27b_bigcodebench_20260531_195535,1,64.8,607.88
single_qwen3.5-27b_bigcodebench_20260531_195535,1,64.9,602.5
single_qwen3.5-27b_bigcodebench_20260531_195535,1,65.0,599.92
single_qwen3.5-27b_bigcodebench_20260531_195535,1,65.1,600.23
single_qwen3.5-27b_bigcodebench_20260531_195535,1,65.2,596.77
single_qwen3.5-27b_bigcodebench_20260531_195535,1,65.3,584.68
single_qwen3.5-27b_bigcodebench_20260531_195535,1,65.4,605.46
single_qwen3.5-27b_bigcodebench_20260531_195535,1,65.5,597.19
single_qwen3.5-27b_bigcodebench_20260531_195535,1,65.6,581.93
single_qwen3.5-27b_bigcodebench_20260531_195535,1,65.7,599.0
single_qwen3.5-27b_bigcodebench_20260531_195535,1,65.8,594.99
single_qwen3.5-27b_bigcodebench_20260531_195535,1,65.9,594.99
single_qwen3.5-27b_bigcodebench_20260531_195535,1,66.0,603.9
single_qwen3.5-27b_bigcodebench_20260531_195535,1,66.1,610.12
single_qwen3.5-27b_bigcodebench_20260531_195535,1,66.2,593.48
single_qwen3.5-27b_bigcodebench_20260531_195535,1,66.3,608.6
single_qwen3.5-27b_bigcodebench_20260531_195535,1,66.4,595.47
single_qwen3.5-27b_bigcodebench_20260531_195535,1,66.5,585.0
single_qwen3.5-27b_bigcodebench_20260531_195535,1,66.6,583.32
single_qwen3.5-27b_bigcodebench_20260531_195535,1,66.7,597.09
single_qwen3.5-27b_bigcodebench_20260531_195535,1,66.8,589.25
single_qwen3.5-27b_bigcodebench_20260531_195535,1,66.9,597.03
single_qwen3.5-27b_bigcodebench_20260531_195535,1,67.0,610.64
single_qwen3.5-27b_bigcodebench_20260531_195535,1,67.1,603.72
single_qwen3.5-27b_bigcodebench_20260531_195535,1,67.2,608.96
single_qwen3.5-27b_bigcodebench_20260531_195535,1,67.3,602.57
single_qwen3.5-27b_bigcodebench_20260531_195535,1,67.4,583.13
single_qwen3.5-27b_bigcodebench_20260531_195535,1,67.5,586.18
single_qwen3.5-27b_bigcodebench_20260531_195535,1,67.6,606.64
single_qwen3.5-27b_bigcodebench_20260531_195535,1,67.7,600.41
single_qwen3.5-27b_bigcodebench_20260531_195535,1,67.8,587.97
single_qwen3.5-27b_bigcodebench_20260531_195535,1,67.9,599.55
single_qwen3.5-27b_bigcodebench_20260531_195535,1,68.0,591.19
single_qwen3.5-27b_bigcodebench_20260531_195535,1,68.1,601.57
single_qwen3.5-27b_bigcodebench_20260531_195535,1,68.2,604.88
single_qwen3.5-27b_bigcodebench_20260531_195535,1,68.3,595.79
single_qwen3.5-27b_bigcodebench_20260531_195535,1,68.4,606.75
single_qwen3.5-27b_bigcodebench_20260531_195535,1,68.5,592.85
single_qwen3.5-27b_bigcodebench_20260531_195535,1,68.6,598.41
single_qwen3.5-27b_bigcodebench_20260531_195535,1,68.7,591.26
single_qwen3.5-27b_bigcodebench_20260531_195535,1,68.8,595.37
single_qwen3.5-27b_bigcodebench_20260531_195535,1,68.9,593.06
single_qwen3.5-27b_bigcodebench_20260531_195535,1,69.0,596.63
single_qwen3.5-27b_bigcodebench_20260531_195535,1,69.1,596.23
single_qwen3.5-27b_bigcodebench_20260531_195535,1,69.2,595.58
single_qwen3.5-27b_bigcodebench_20260531_195535,1,69.3,590.84
single_qwen3.5-27b_bigcodebench_20260531_195535,1,69.4,592.53
single_qwen3.5-27b_bigcodebench_20260531_195535,1,69.5,596.13
single_qwen3.5-27b_bigcodebench_20260531_195535,1,69.6,612.56
single_qwen3.5-27b_bigcodebench_20260531_195535,1,69.7,598.1
single_qwen3.5-27b_bigcodebench_20260531_195535,1,69.8,590.22
single_qwen3.5-27b_bigcodebench_20260531_195535,1,69.9,603.52
single_qwen3.5-27b_bigcodebench_20260531_195535,1,70.0,597.14
single_qwen3.5-27b_bigcodebench_20260531_195535,1,70.1,595.99
single_qwen3.5-27b_bigcodebench_20260531_195535,1,70.2,585.0
single_qwen3.5-27b_bigcodebench_20260531_195535,1,70.3,607.19
single_qwen3.5-27b_bigcodebench_20260531_195535,1,70.4,597.11
single_qwen3.5-27b_bigcodebench_20260531_195535,1,70.5,599.74
single_qwen3.5-27b_bigcodebench_20260531_195535,1,70.6,594.01
single_qwen3.5-27b_bigcodebench_20260531_195535,1,70.7,597.04
single_qwen3.5-27b_bigcodebench_20260531_195535,1,70.8,599.62
single_qwen3.5-27b_bigcodebench_20260531_195535,1,70.9,583.02
single_qwen3.5-27b_bigcodebench_20260531_195535,1,71.0,592.0
single_qwen3.5-27b_bigcodebench_20260531_195535,1,71.1,598.67
single_qwen3.5-27b_bigcodebench_20260531_195535,1,71.2,597.9
single_qwen3.5-27b_bigcodebench_20260531_195535,1,71.3,595.77
single_qwen3.5-27b_bigcodebench_20260531_195535,1,71.4,594.8
single_qwen3.5-27b_bigcodebench_20260531_195535,1,71.5,587.42
single_qwen3.5-27b_bigcodebench_20260531_195535,1,71.6,582.09
single_qwen3.5-27b_bigcodebench_20260531_195535,1,71.7,599.92
single_qwen3.5-27b_bigcodebench_20260531_195535,1,71.8,600.5
single_qwen3.5-27b_bigcodebench_20260531_195535,1,71.9,600.31
single_qwen3.5-27b_bigcodebench_20260531_195535,1,72.0,592.84
single_qwen3.5-27b_bigcodebench_20260531_195535,1,72.1,597.69
single_qwen3.5-27b_bigcodebench_20260531_195535,1,72.2,595.48
single_qwen3.5-27b_bigcodebench_20260531_195535,1,72.3,588.8
single_qwen3.5-27b_bigcodebench_20260531_195535,1,72.4,595.46
single_qwen3.5-27b_bigcodebench_20260531_195535,1,72.5,602.45
single_qwen3.5-27b_bigcodebench_20260531_195535,1,72.6,605.73
single_qwen3.5-27b_bigcodebench_20260531_195535,1,72.7,589.26
single_qwen3.5-27b_bigcodebench_20260531_195535,1,72.8,590.22
single_qwen3.5-27b_bigcodebench_20260531_195535,1,72.9,591.68
single_qwen3.5-27b_bigcodebench_20260531_195535,1,73.0,598.31
single_qwen3.5-27b_bigcodebench_20260531_195535,1,73.1,603.9
single_qwen3.5-27b_bigcodebench_20260531_195535,1,73.2,594.69
single_qwen3.5-27b_bigcodebench_20260531_195535,1,73.3,595.46
single_qwen3.5-27b_bigcodebench_20260531_195535,1,73.4,587.79
single_qwen3.5-27b_bigcodebench_20260531_195535,1,73.5,594.53
single_qwen3.5-27b_bigcodebench_20260531_195535,1,73.6,586.54
single_qwen3.5-27b_bigcodebench_20260531_195535,1,73.7,594.12
single_qwen3.5-27b_bigcodebench_20260531_195535,1,73.8,591.19
single_qwen3.5-27b_bigcodebench_20260531_195535,1,73.9,592.87
single_qwen3.5-27b_bigcodebench_20260531_195535,1,74.0,598.97
single_qwen3.5-27b_bigcodebench_20260531_195535,1,74.1,592.56
single_qwen3.5-27b_bigcodebench_20260531_195535,1,74.2,596.35
single_qwen3.5-27b_bigcodebench_20260531_195535,1,74.3,600.71
single_qwen3.5-27b_bigcodebench_20260531_195535,1,74.4,596.51
single_qwen3.5-27b_bigcodebench_20260531_195535,1,74.5,598.95
single_qwen3.5-27b_bigcodebench_20260531_195535,1,74.6,602.45
single_qwen3.5-27b_bigcodebench_20260531_195535,1,74.7,600.35
single_qwen3.5-27b_bigcodebench_20260531_195535,1,74.8,592.16
single_qwen3.5-27b_bigcodebench_20260531_195535,1,74.9,594.21
single_qwen3.5-27b_bigcodebench_20260531_195535,1,75.0,597.12
single_qwen3.5-27b_bigcodebench_20260531_195535,1,75.1,594.69
single_qwen3.5-27b_bigcodebench_20260531_195535,1,75.2,595.97
single_qwen3.5-27b_bigcodebench_20260531_195535,1,75.3,591.29
single_qwen3.5-27b_bigcodebench_20260531_195535,1,75.4,592.45
single_qwen3.5-27b_bigcodebench_20260531_195535,1,75.5,596.37
single_qwen3.5-27b_bigcodebench_20260531_195535,1,75.6,596.83
single_qwen3.5-27b_bigcodebench_20260531_195535,1,75.7,594.01
single_qwen3.5-27b_bigcodebench_20260531_195535,1,75.8,590.12
single_qwen3.5-27b_bigcodebench_20260531_195535,1,75.9,600.11
single_qwen3.5-27b_bigcodebench_20260531_195535,1,76.0,594.51
single_qwen3.5-27b_bigcodebench_20260531_195535,1,76.1,597.71
single_qwen3.5-27b_bigcodebench_20260531_195535,1,76.2,603.1
single_qwen3.5-27b_bigcodebench_20260531_195535,1,76.3,587.5
single_qwen3.5-27b_bigcodebench_20260531_195535,1,76.4,600.06
single_qwen3.5-27b_bigcodebench_20260531_195535,1,76.5,599.92
single_qwen3.5-27b_bigcodebench_20260531_195535,1,76.6,597.62
single_qwen3.5-27b_bigcodebench_20260531_195535,1,76.7,595.37
single_qwen3.5-27b_bigcodebench_20260531_195535,1,76.8,599.52
single_qwen3.5-27b_bigcodebench_20260531_195535,1,76.9,589.34
single_qwen3.5-27b_bigcodebench_20260531_195535,1,77.0,593.62
single_qwen3.5-27b_bigcodebench_20260531_195535,1,77.1,592.18
single_qwen3.5-27b_bigcodebench_20260531_195535,1,77.2,594.31
single_qwen3.5-27b_bigcodebench_20260531_195535,1,77.3,587.18
single_qwen3.5-27b_bigcodebench_20260531_195535,1,77.4,601.87
single_qwen3.5-27b_bigcodebench_20260531_195535,1,77.5,588.85
single_qwen3.5-27b_bigcodebench_20260531_195535,1,77.6,592.08
single_qwen3.5-27b_bigcodebench_20260531_195535,1,77.7,611.31
single_qwen3.5-27b_bigcodebench_20260531_195535,1,77.8,582.63
single_qwen3.5-27b_bigcodebench_20260531_195535,1,77.9,592.44
single_qwen3.5-27b_bigcodebench_20260531_195535,1,78.0,596.44
single_qwen3.5-27b_bigcodebench_20260531_195535,1,78.1,599.37
single_qwen3.5-27b_bigcodebench_20260531_195535,1,78.2,597.03
single_qwen3.5-27b_bigcodebench_20260531_195535,1,78.3,589.72
single_qwen3.5-27b_bigcodebench_20260531_195535,1,78.4,598.27
single_qwen3.5-27b_bigcodebench_20260531_195535,1,78.5,604.01
single_qwen3.5-27b_bigcodebench_20260531_195535,1,78.6,596.24
single_qwen3.5-27b_bigcodebench_20260531_195535,1,78.7,590.53
single_qwen3.5-27b_bigcodebench_20260531_195535,1,78.8,596.87
single_qwen3.5-27b_bigcodebench_20260531_195535,1,78.9,593.21
single_qwen3.5-27b_bigcodebench_20260531_195535,1,79.0,589.24
single_qwen3.5-27b_bigcodebench_20260531_195535,1,79.1,594.51
single_qwen3.5-27b_bigcodebench_20260531_195535,1,79.2,592.94
single_qwen3.5-27b_bigcodebench_20260531_195535,1,79.3,588.19
single_qwen3.5-27b_bigcodebench_20260531_195535,1,79.4,601.58
single_qwen3.5-27b_bigcodebench_20260531_195535,1,79.5,592.25
single_qwen3.5-27b_bigcodebench_20260531_195535,1,79.6,608.96
single_qwen3.5-27b_bigcodebench_20260531_195535,1,79.7,594.99
single_qwen3.5-27b_bigcodebench_20260531_195535,1,79.8,596.63
single_qwen3.5-27b_bigcodebench_20260531_195535,1,79.9,595.16
single_qwen3.5-27b_bigcodebench_20260531_195535,1,80.0,592.05
single_qwen3.5-27b_bigcodebench_20260531_195535,1,80.1,596.06
single_qwen3.5-27b_bigcodebench_20260531_195535,1,80.2,593.91
single_qwen3.5-27b_bigcodebench_20260531_195535,1,80.3,591.86
single_qwen3.5-27b_bigcodebench_20260531_195535,1,80.4,596.85
single_qwen3.5-27b_bigcodebench_20260531_195535,1,80.5,597.91
single_qwen3.5-27b_bigcodebench_20260531_195535,1,80.6,597.31
single_qwen3.5-27b_bigcodebench_20260531_195535,1,80.7,593.73
single_qwen3.5-27b_bigcodebench_20260531_195535,1,80.8,591.88
single_qwen3.5-27b_bigcodebench_20260531_195535,1,80.9,594.4
single_qwen3.5-27b_bigcodebench_20260531_195535,1,81.0,593.05
single_qwen3.5-27b_bigcodebench_20260531_195535,1,81.1,592.29
single_qwen3.5-27b_bigcodebench_20260531_195535,1,81.2,603.31
single_qwen3.5-27b_bigcodebench_20260531_195535,1,81.3,597.19
single_qwen3.5-27b_bigcodebench_20260531_195535,1,81.4,595.27
single_qwen3.5-27b_bigcodebench_20260531_195535,1,81.5,591.59
single_qwen3.5-27b_bigcodebench_20260531_195535,1,81.6,594.59
single_qwen3.5-27b_bigcodebench_20260531_195535,1,81.7,596.36
single_qwen3.5-27b_bigcodebench_20260531_195535,1,81.8,595.37
single_qwen3.5-27b_bigcodebench_20260531_195535,1,81.9,594.5
single_qwen3.5-27b_bigcodebench_20260531_195535,1,82.0,593.33
single_qwen3.5-27b_bigcodebench_20260531_195535,1,82.1,597.87
single_qwen3.5-27b_bigcodebench_20260531_195535,1,82.2,596.71
single_qwen3.5-27b_bigcodebench_20260531_195535,1,82.3,592.36
single_qwen3.5-27b_bigcodebench_20260531_195535,1,82.4,596.61
single_qwen3.5-27b_bigcodebench_20260531_195535,1,82.5,599.04
single_qwen3.5-27b_bigcodebench_20260531_195535,1,82.6,590.03
single_qwen3.5-27b_bigcodebench_20260531_195535,1,82.7,586.9
single_qwen3.5-27b_bigcodebench_20260531_195535,1,82.8,592.64
single_qwen3.5-27b_bigcodebench_20260531_195535,1,82.9,598.53
single_qwen3.5-27b_bigcodebench_20260531_195535,1,83.0,598.36
single_qwen3.5-27b_bigcodebench_20260531_195535,1,83.1,593.82
single_qwen3.5-27b_bigcodebench_20260531_195535,1,83.2,593.41
single_qwen3.5-27b_bigcodebench_20260531_195535,1,83.3,591.49
single_qwen3.5-27b_bigcodebench_20260531_195535,1,83.4,596.93
single_qwen3.5-27b_bigcodebench_20260531_195535,1,83.5,591.5
single_qwen3.5-27b_bigcodebench_20260531_195535,1,83.6,608.76
single_qwen3.5-27b_bigcodebench_20260531_195535,1,83.7,600.51
single_qwen3.5-27b_bigcodebench_20260531_195535,1,83.8,598.87
single_qwen3.5-27b_bigcodebench_20260531_195535,1,83.9,590.88
single_qwen3.5-27b_bigcodebench_20260531_195535,1,84.0,594.0
single_qwen3.5-27b_bigcodebench_20260531_195535,1,84.1,595.74
single_qwen3.5-27b_bigcodebench_20260531_195535,1,84.2,594.46
single_qwen3.5-27b_bigcodebench_20260531_195535,1,84.3,594.04
single_qwen3.5-27b_bigcodebench_20260531_195535,1,84.4,601.02
single_qwen3.5-27b_bigcodebench_20260531_195535,1,84.5,595.86
single_qwen3.5-27b_bigcodebench_20260531_195535,1,84.6,605.57
single_qwen3.5-27b_bigcodebench_20260531_195535,1,84.7,591.67
single_qwen3.5-27b_bigcodebench_20260531_195535,1,84.8,599.43
single_qwen3.5-27b_bigcodebench_20260531_195535,1,84.9,591.78
single_qwen3.5-27b_bigcodebench_20260531_195535,1,85.0,590.37
single_qwen3.5-27b_bigcodebench_20260531_195535,1,85.1,592.01
single_qwen3.5-27b_bigcodebench_20260531_195535,1,85.2,589.71
single_qwen3.5-27b_bigcodebench_20260531_195535,1,85.3,602.57
single_qwen3.5-27b_bigcodebench_20260531_195535,1,85.4,597.1
single_qwen3.5-27b_bigcodebench_20260531_195535,1,85.5,601.39
single_qwen3.5-27b_bigcodebench_20260531_195535,1,85.6,590.77
single_qwen3.5-27b_bigcodebench_20260531_195535,1,85.7,592.83
single_qwen3.5-27b_bigcodebench_20260531_195535,1,85.8,601.68
single_qwen3.5-27b_bigcodebench_20260531_195535,1,85.9,594.28
single_qwen3.5-27b_bigcodebench_20260531_195535,1,86.0,598.07
single_qwen3.5-27b_bigcodebench_20260531_195535,1,86.1,597.71
single_qwen3.5-27b_bigcodebench_20260531_195535,1,86.2,596.24
single_qwen3.5-27b_bigcodebench_20260531_195535,1,86.3,594.51
single_qwen3.5-27b_bigcodebench_20260531_195535,1,86.4,597.57
single_qwen3.5-27b_bigcodebench_20260531_195535,1,86.5,598.97
single_qwen3.5-27b_bigcodebench_20260531_195535,1,86.6,595.16
single_qwen3.5-27b_bigcodebench_20260531_195535,1,86.7,600.5
single_qwen3.5-27b_bigcodebench_20260531_195535,1,86.8,603.13
single_qwen3.5-27b_bigcodebench_20260531_195535,1,86.9,599.56
single_qwen3.5-27b_bigcodebench_20260531_195535,1,87.0,602.82
single_qwen3.5-27b_bigcodebench_20260531_195535,1,87.1,597.65
single_qwen3.5-27b_bigcodebench_20260531_195535,1,87.2,597.21
single_qwen3.5-27b_bigcodebench_20260531_195535,1,87.3,601.96
single_qwen3.5-27b_bigcodebench_20260531_195535,1,87.4,592.45
single_qwen3.5-27b_bigcodebench_20260531_195535,1,87.5,601.21
single_qwen3.5-27b_bigcodebench_20260531_195535,1,87.6,608.93
single_qwen3.5-27b_bigcodebench_20260531_195535,1,87.7,606.23
single_qwen3.5-27b_bigcodebench_20260531_195535,1,87.8,608.48
single_qwen3.5-27b_bigcodebench_20260531_195535,1,87.9,601.09
single_qwen3.5-27b_bigcodebench_20260531_195535,1,88.0,589.51
single_qwen3.5-27b_bigcodebench_20260531_195535,1,88.1,606.93
single_qwen3.5-27b_bigcodebench_20260531_195535,1,88.2,591.28
single_qwen3.5-27b_bigcodebench_20260531_195535,1,88.3,600.08
single_qwen3.5-27b_bigcodebench_20260531_195535,1,88.4,596.72
single_qwen3.5-27b_bigcodebench_20260531_195535,1,88.5,598.37
single_qwen3.5-27b_bigcodebench_20260531_195535,1,88.6,604.98
single_qwen3.5-27b_bigcodebench_20260531_195535,1,88.7,598.02
single_qwen3.5-27b_bigcodebench_20260531_195535,1,88.8,599.22
single_qwen3.5-27b_bigcodebench_20260531_195535,1,88.9,597.59
single_qwen3.5-27b_bigcodebench_20260531_195535,1,89.0,587.47
single_qwen3.5-27b_bigcodebench_20260531_195535,1,89.1,595.45
single_qwen3.5-27b_bigcodebench_20260531_195535,1,89.2,596.58
single_qwen3.5-27b_bigcodebench_20260531_195535,1,89.3,602.13
single_qwen3.5-27b_bigcodebench_20260531_195535,1,89.4,591.44
single_qwen3.5-27b_bigcodebench_20260531_195535,1,89.5,598.5
single_qwen3.5-27b_bigcodebench_20260531_195535,1,89.6,600.47
single_qwen3.5-27b_bigcodebench_20260531_195535,1,89.7,602.15
single_qwen3.5-27b_bigcodebench_20260531_195535,1,89.8,594.58
single_qwen3.5-27b_bigcodebench_20260531_195535,1,89.9,595.66
single_qwen3.5-27b_bigcodebench_20260531_195535,1,90.0,593.96
single_qwen3.5-27b_bigcodebench_20260531_195535,1,90.1,597.01
single_qwen3.5-27b_bigcodebench_20260531_195535,1,90.2,598.26
single_qwen3.5-27b_bigcodebench_20260531_195535,1,90.3,604.45
single_qwen3.5-27b_bigcodebench_20260531_195535,1,90.4,598.79
single_qwen3.5-27b_bigcodebench_20260531_195535,1,90.5,591.18
single_qwen3.5-27b_bigcodebench_20260531_195535,1,90.6,591.98
single_qwen3.5-27b_bigcodebench_20260531_195535,1,90.7,598.01
single_qwen3.5-27b_bigcodebench_20260531_195535,1,90.8,599.93
single_qwen3.5-27b_bigcodebench_20260531_195535,1,90.9,594.48
single_qwen3.5-27b_bigcodebench_20260531_195535,1,91.0,596.55
single_qwen3.5-27b_bigcodebench_20260531_195535,1,91.1,596.59
single_qwen3.5-27b_bigcodebench_20260531_195535,1,91.2,596.04
single_qwen3.5-27b_bigcodebench_20260531_195535,1,91.3,606.52
single_qwen3.5-27b_bigcodebench_20260531_195535,1,91.4,599.53
single_qwen3.5-27b_bigcodebench_20260531_195535,1,91.5,601.67
single_qwen3.5-27b_bigcodebench_20260531_195535,1,91.6,599.74
single_qwen3.5-27b_bigcodebench_20260531_195535,1,91.7,591.25
single_qwen3.5-27b_bigcodebench_20260531_195535,1,91.8,592.34
single_qwen3.5-27b_bigcodebench_20260531_195535,1,91.9,604.79
single_qwen3.5-27b_bigcodebench_20260531_195535,1,92.0,597.87
single_qwen3.5-27b_bigcodebench_20260531_195535,1,92.1,604.87
single_qwen3.5-27b_bigcodebench_20260531_195535,1,92.2,595.45
single_qwen3.5-27b_bigcodebench_20260531_195535,1,92.3,592.83
single_qwen3.5-27b_bigcodebench_20260531_195535,1,92.4,595.43
single_qwen3.5-27b_bigcodebench_20260531_195535,1,92.5,602.46
single_qwen3.5-27b_bigcodebench_20260531_195535,1,92.6,604.77
single_qwen3.5-27b_bigcodebench_20260531_195535,1,92.7,587.28
single_qwen3.5-27b_bigcodebench_20260531_195535,1,92.8,597.46
single_qwen3.5-27b_bigcodebench_20260531_195535,1,92.9,604.84
single_qwen3.5-27b_bigcodebench_20260531_195535,1,93.0,598.64
single_qwen3.5-27b_bigcodebench_20260531_195535,1,93.1,597.58
single_qwen3.5-27b_bigcodebench_20260531_195535,1,93.2,592.43
single_qwen3.5-27b_bigcodebench_20260531_195535,1,93.3,603.71
single_qwen3.5-27b_bigcodebench_20260531_195535,1,93.4,597.89
single_qwen3.5-27b_bigcodebench_20260531_195535,1,93.5,593.12
single_qwen3.5-27b_bigcodebench_20260531_195535,1,93.6,592.74
single_qwen3.5-27b_bigcodebench_20260531_195535,1,93.7,593.73
single_qwen3.5-27b_bigcodebench_20260531_195535,1,93.8,608.21
single_qwen3.5-27b_bigcodebench_20260531_195535,1,93.9,599.72
single_qwen3.5-27b_bigcodebench_20260531_195535,1,94.0,588.04
single_qwen3.5-27b_bigcodebench_20260531_195535,1,94.1,589.72
single_qwen3.5-27b_bigcodebench_20260531_195535,1,94.2,603.25
single_qwen3.5-27b_bigcodebench_20260531_195535,1,94.3,600.61
single_qwen3.5-27b_bigcodebench_20260531_195535,1,94.4,597.58
single_qwen3.5-27b_bigcodebench_20260531_195535,1,94.5,587.27
single_qwen3.5-27b_bigcodebench_20260531_195535,1,94.6,593.52
single_qwen3.5-27b_bigcodebench_20260531_195535,1,94.7,599.6
single_qwen3.5-27b_bigcodebench_20260531_195535,1,94.8,606.2
single_qwen3.5-27b_bigcodebench_20260531_195535,1,94.9,590.51
single_qwen3.5-27b_bigcodebench_20260531_195535,1,95.0,592.95
single_qwen3.5-27b_bigcodebench_20260531_195535,1,95.1,592.73
single_qwen3.5-27b_bigcodebench_20260531_195535,1,95.2,600.41
single_qwen3.5-27b_bigcodebench_20260531_195535,1,95.3,598.93
single_qwen3.5-27b_bigcodebench_20260531_195535,1,95.4,596.3
single_qwen3.5-27b_bigcodebench_20260531_195535,1,95.5,577.24
single_qwen3.5-27b_bigcodebench_20260531_195535,1,95.6,607.5
single_qwen3.5-27b_bigcodebench_20260531_195535,1,95.7,601.33
single_qwen3.5-27b_bigcodebench_20260531_195535,1,95.8,599.96
single_qwen3.5-27b_bigcodebench_20260531_195535,1,95.9,596.62
single_qwen3.5-27b_bigcodebench_20260531_195535,1,96.0,597.89
single_qwen3.5-27b_bigcodebench_20260531_195535,1,96.1,594.39
single_qwen3.5-27b_bigcodebench_20260531_195535,1,96.2,596.71
single_qwen3.5-27b_bigcodebench_20260531_195535,1,96.3,594.26
single_qwen3.5-27b_bigcodebench_20260531_195535,1,96.4,594.11
single_qwen3.5-27b_bigcodebench_20260531_195535,1,96.5,590.36
single_qwen3.5-27b_bigcodebench_20260531_195535,1,96.6,600.31
single_qwen3.5-27b_bigcodebench_20260531_195535,1,96.7,606.24
single_qwen3.5-27b_bigcodebench_20260531_195535,1,96.8,594.41
single_qwen3.5-27b_bigcodebench_20260531_195535,1,96.9,607.7
single_qwen3.5-27b_bigcodebench_20260531_195535,1,97.0,598.74
single_qwen3.5-27b_bigcodebench_20260531_195535,1,97.1,601.59
single_qwen3.5-27b_bigcodebench_20260531_195535,1,97.2,590.51
single_qwen3.5-27b_bigcodebench_20260531_195535,1,97.3,602.04
single_qwen3.5-27b_bigcodebench_20260531_195535,1,97.4,596.08
single_qwen3.5-27b_bigcodebench_20260531_195535,1,97.5,591.32
single_qwen3.5-27b_bigcodebench_20260531_195535,1,97.6,606.99
single_qwen3.5-27b_bigcodebench_20260531_195535,1,97.7,599.63
single_qwen3.5-27b_bigcodebench_20260531_195535,1,97.8,600.68
single_qwen3.5-27b_bigcodebench_20260531_195535,1,97.9,594.78
single_qwen3.5-27b_bigcodebench_20260531_195535,1,98.0,594.57
single_qwen3.5-27b_bigcodebench_20260531_195535,1,98.1,597.13
single_qwen3.5-27b_bigcodebench_20260531_195535,1,98.2,600.87
single_qwen3.5-27b_bigcodebench_20260531_195535,1,98.3,593.95
single_qwen3.5-27b_bigcodebench_20260531_195535,1,98.4,589.9
single_qwen3.5-27b_bigcodebench_20260531_195535,1,98.5,599.59
single_qwen3.5-27b_bigcodebench_20260531_195535,1,98.6,600.35
single_qwen3.5-27b_bigcodebench_20260531_195535,1,98.7,597.6
single_qwen3.5-27b_bigcodebench_20260531_195535,1,98.8,595.83
single_qwen3.5-27b_bigcodebench_20260531_195535,1,98.9,589.53
single_qwen3.5-27b_bigcodebench_20260531_195535,1,99.0,595.95
single_qwen3.5-27b_bigcodebench_20260531_195535,1,99.1,602.74
single_qwen3.5-27b_bigcodebench_20260531_195535,1,99.2,597.34
single_qwen3.5-27b_bigcodebench_20260531_195535,1,99.3,586.81
single_qwen3.5-27b_bigcodebench_20260531_195535,1,99.4,605.52
single_qwen3.5-27b_bigcodebench_20260531_195535,1,99.5,602.31
single_qwen3.5-27b_bigcodebench_20260531_195535,1,99.6,591.68
single_qwen3.5-27b_bigcodebench_20260531_195535,1,99.7,603.4
single_qwen3.5-27b_bigcodebench_20260531_195535,1,99.8,590.61
single_qwen3.5-27b_bigcodebench_20260531_195535,1,99.9,597.41
single_qwen3.5-27b_bigcodebench_20260531_195535,1,100.0,597.51
single_qwen3.5-27b_bigcodebench_20260531_195535,1,100.1,603.68
single_qwen3.5-27b_bigcodebench_20260531_195535,1,100.2,601.25
single_qwen3.5-27b_bigcodebench_20260531_195535,1,100.3,593.48
single_qwen3.5-27b_bigcodebench_20260531_195535,1,100.4,592.94
single_qwen3.5-27b_bigcodebench_20260531_195535,1,100.5,608.56
single_qwen3.5-27b_bigcodebench_20260531_195535,1,100.6,595.46
single_qwen3.5-27b_bigcodebench_20260531_195535,1,100.7,600.83
single_qwen3.5-27b_bigcodebench_20260531_195535,1,100.8,590.31
single_qwen3.5-27b_bigcodebench_20260531_195535,1,100.9,596.63
single_qwen3.5-27b_bigcodebench_20260531_195535,1,101.0,598.07
single_qwen3.5-27b_bigcodebench_20260531_195535,1,101.1,603.21
single_qwen3.5-27b_bigcodebench_20260531_195535,1,101.2,596.58
single_qwen3.5-27b_bigcodebench_20260531_195535,1,101.3,594.88
single_qwen3.5-27b_bigcodebench_20260531_195535,1,101.4,600.34
single_qwen3.5-27b_bigcodebench_20260531_195535,1,101.5,597.78
single_qwen3.5-27b_bigcodebench_20260531_195535,1,101.6,596.13
single_qwen3.5-27b_bigcodebench_20260531_195535,1,101.7,602.67
single_qwen3.5-27b_bigcodebench_20260531_195535,1,101.8,601.78
single_qwen3.5-27b_bigcodebench_20260531_195535,1,101.9,598.75
single_qwen3.5-27b_bigcodebench_20260531_195535,1,102.0,596.23
single_qwen3.5-27b_bigcodebench_20260531_195535,1,102.1,594.83
single_qwen3.5-27b_bigcodebench_20260531_195535,1,102.2,585.6
single_qwen3.5-27b_bigcodebench_20260531_195535,1,102.3,604.28
single_qwen3.5-27b_bigcodebench_20260531_195535,1,102.4,606.12
single_qwen3.5-27b_bigcodebench_20260531_195535,1,102.5,606.89
single_qwen3.5-27b_bigcodebench_20260531_195535,1,102.6,589.94
single_qwen3.5-27b_bigcodebench_20260531_195535,1,102.7,588.09
single_qwen3.5-27b_bigcodebench_20260531_195535,1,102.8,592.93
single_qwen3.5-27b_bigcodebench_20260531_195535,1,102.9,605.3
single_qwen3.5-27b_bigcodebench_20260531_195535,1,103.0,600.26
single_qwen3.5-27b_bigcodebench_20260531_195535,1,103.1,590.38
single_qwen3.5-27b_bigcodebench_20260531_195535,1,103.2,598.51
single_qwen3.5-27b_bigcodebench_20260531_195535,1,103.3,602.12
single_qwen3.5-27b_bigcodebench_20260531_195535,1,103.4,596.91
single_qwen3.5-27b_bigcodebench_20260531_195535,1,103.5,595.48
single_qwen3.5-27b_bigcodebench_20260531_195535,1,103.6,590.12
single_qwen3.5-27b_bigcodebench_20260531_195535,1,103.7,596.34
single_qwen3.5-27b_bigcodebench_20260531_195535,1,103.8,596.26
single_qwen3.5-27b_bigcodebench_20260531_195535,1,103.9,603.6
single_qwen3.5-27b_bigcodebench_20260531_195535,1,104.0,491.79
single_qwen3.5-27b_bigcodebench_20260531_195535,1,104.1,397.89
single_qwen3.5-27b_bigcodebench_20260531_195535,1,104.2,402.94
single_qwen3.5-27b_bigcodebench_20260531_195535,1,104.3,401.37
single_qwen3.5-27b_bigcodebench_20260531_195535,1,104.4,402.26
single_qwen3.5-27b_bigcodebench_20260531_195535,1,104.5,394.28
single_qwen3.5-27b_bigcodebench_20260531_195535,1,104.6,402.06
single_qwen3.5-27b_bigcodebench_20260531_195535,1,104.7,399.92
single_qwen3.5-27b_bigcodebench_20260531_195535,1,104.8,404.02
single_qwen3.5-27b_bigcodebench_20260531_195535,1,104.9,393.4
single_qwen3.5-27b_bigcodebench_20260531_195535,1,105.0,399.53
single_qwen3.5-27b_bigcodebench_20260531_195535,1,105.1,401.57
single_qwen3.5-27b_bigcodebench_20260531_195535,1,105.2,402.16
single_qwen3.5-27b_bigcodebench_20260531_195535,1,105.3,393.99
single_qwen3.5-27b_bigcodebench_20260531_195535,1,105.4,396.04
single_qwen3.5-27b_bigcodebench_20260531_195535,1,105.5,393.57
single_qwen3.5-27b_bigcodebench_20260531_195535,1,105.6,404.2
single_qwen3.5-27b_bigcodebench_20260531_195535,1,105.7,401.19
single_qwen3.5-27b_bigcodebench_20260531_195535,1,105.8,399.91
single_qwen3.5-27b_bigcodebench_20260531_195535,1,105.9,395.26
single_qwen3.5-27b_bigcodebench_20260531_195535,1,106.0,402.16
single_qwen3.5-27b_bigcodebench_20260531_195535,1,106.1,402.85
single_qwen3.5-27b_bigcodebench_20260531_195535,1,106.2,400.8
single_qwen3.5-27b_bigcodebench_20260531_195535,1,106.3,399.33
single_qwen3.5-27b_bigcodebench_20260531_195535,1,106.4,393.2
single_qwen3.5-27b_bigcodebench_20260531_195535,1,106.5,400.41
single_qwen3.5-27b_bigcodebench_20260531_195535,1,106.6,396.99
single_qwen3.5-27b_bigcodebench_20260531_195535,1,106.7,397.39
single_qwen3.5-27b_bigcodebench_20260531_195535,1,106.8,400.12
single_qwen3.5-27b_bigcodebench_20260531_195535,1,106.9,401.51
single_qwen3.5-27b_bigcodebench_20260531_195535,1,107.0,404.49
single_qwen3.5-27b_bigcodebench_20260531_195535,1,107.1,400.68
single_qwen3.5-27b_bigcodebench_20260531_195535,1,107.2,392.66
single_qwen3.5-27b_bigcodebench_20260531_195535,1,107.3,391.72
single_qwen3.5-27b_bigcodebench_20260531_195535,1,107.4,405.66
single_qwen3.5-27b_bigcodebench_20260531_195535,1,107.5,393.29
single_qwen3.5-27b_bigcodebench_20260531_195535,1,107.6,397.97
single_qwen3.5-27b_bigcodebench_20260531_195535,1,107.7,401.58
single_qwen3.5-27b_bigcodebench_20260531_195535,1,107.8,401.78
single_qwen3.5-27b_bigcodebench_20260531_195535,1,107.9,400.6
single_qwen3.5-27b_bigcodebench_20260531_195535,1,108.0,401.86
single_qwen3.5-27b_bigcodebench_20260531_195535,1,108.1,394.77
single_qwen3.5-27b_bigcodebench_20260531_195535,1,108.2,391.24
single_qwen3.5-27b_bigcodebench_20260531_195535,1,108.3,391.44
single_qwen3.5-27b_bigcodebench_20260531_195535,1,108.4,399.46
single_qwen3.5-27b_bigcodebench_20260531_195535,1,108.5,396.6
single_qwen3.5-27b_bigcodebench_20260531_195535,1,108.6,390.85
single_qwen3.5-27b_bigcodebench_20260531_195535,1,108.7,401.68
single_qwen3.5-27b_bigcodebench_20260531_195535,1,108.8,401.38
single_qwen3.5-27b_bigcodebench_20260531_195535,1,108.9,401.37
single_qwen3.5-27b_bigcodebench_20260531_195535,1,109.0,399.93
single_qwen3.5-27b_bigcodebench_20260531_195535,1,109.1,396.25
single_qwen3.5-27b_bigcodebench_20260531_195535,1,109.2,392.04
single_qwen3.5-27b_bigcodebench_20260531_195535,1,109.3,396.8
single_qwen3.5-27b_bigcodebench_20260531_195535,1,109.4,392.44
single_qwen3.5-27b_bigcodebench_20260531_195535,1,109.5,391.07
single_qwen3.5-27b_bigcodebench_20260531_195535,1,109.6,405.64
single_qwen3.5-27b_bigcodebench_20260531_195535,1,109.7,400.14
single_qwen3.5-27b_bigcodebench_20260531_195535,1,109.8,391.47
single_qwen3.5-27b_bigcodebench_20260531_195535,1,109.9,401.37
single_qwen3.5-27b_bigcodebench_20260531_195535,1,110.0,399.81
single_qwen3.5-27b_bigcodebench_20260531_195535,1,110.1,391.35
single_qwen3.5-27b_bigcodebench_20260531_195535,1,110.2,395.84
single_qwen3.5-27b_bigcodebench_20260531_195535,1,110.3,400.24
single_qwen3.5-27b_bigcodebench_20260531_195535,1,110.4,391.34
single_qwen3.5-27b_bigcodebench_20260531_195535,1,110.5,391.34
single_qwen3.5-27b_bigcodebench_20260531_195535,1,110.6,400.8
single_qwen3.5-27b_bigcodebench_20260531_195535,1,110.7,399.04
single_qwen3.5-27b_bigcodebench_20260531_195535,1,110.8,402.08
single_qwen3.5-27b_bigcodebench_20260531_195535,1,110.9,394.76
single_qwen3.5-27b_bigcodebench_20260531_195535,1,111.0,390.77
single_qwen3.5-27b_bigcodebench_20260531_195535,1,111.1,392.12
single_qwen3.5-27b_bigcodebench_20260531_195535,1,111.2,401.48
single_qwen3.5-27b_bigcodebench_20260531_195535,1,111.3,395.44
single_qwen3.5-27b_bigcodebench_20260531_195535,1,111.4,391.35
single_qwen3.5-27b_bigcodebench_20260531_195535,1,111.5,662.67
single_qwen3.5-27b_bigcodebench_20260531_195535,1,111.6,610.28
single_qwen3.5-27b_bigcodebench_20260531_195535,1,111.7,599.03
single_qwen3.5-27b_bigcodebench_20260531_195535,1,111.8,613.09
single_qwen3.5-27b_bigcodebench_20260531_195535,1,111.9,576.65
single_qwen3.5-27b_bigcodebench_20260531_195535,1,112.0,588.85
single_qwen3.5-27b_bigcodebench_20260531_195535,1,112.1,604.71
single_qwen3.5-27b_bigcodebench_20260531_195535,1,112.2,600.73
single_qwen3.5-27b_bigcodebench_20260531_195535,1,112.3,590.4
single_qwen3.5-27b_bigcodebench_20260531_195535,1,112.4,603.56
single_qwen3.5-27b_bigcodebench_20260531_195535,1,112.5,586.7
single_qwen3.5-27b_bigcodebench_20260531_195535,1,112.6,598.52
single_qwen3.5-27b_bigcodebench_20260531_195535,1,112.7,588.0
single_qwen3.5-27b_bigcodebench_20260531_195535,1,112.8,596.43
single_qwen3.5-27b_bigcodebench_20260531_195535,1,112.9,603.27
single_qwen3.5-27b_bigcodebench_20260531_195535,1,113.0,609.84
single_qwen3.5-27b_bigcodebench_20260531_195535,1,113.1,593.46
single_qwen3.5-27b_bigcodebench_20260531_195535,1,113.2,606.7
single_qwen3.5-27b_bigcodebench_20260531_195535,1,113.3,569.74
single_qwen3.5-27b_bigcodebench_20260531_195535,1,113.4,593.77
single_qwen3.5-27b_bigcodebench_20260531_195535,1,113.5,596.79
single_qwen3.5-27b_bigcodebench_20260531_195535,1,113.6,601.37
single_qwen3.5-27b_bigcodebench_20260531_195535,1,113.7,601.29
single_qwen3.5-27b_bigcodebench_20260531_195535,1,113.8,604.57
single_qwen3.5-27b_bigcodebench_20260531_195535,1,113.9,602.93
single_qwen3.5-27b_bigcodebench_20260531_195535,1,114.0,596.92
single_qwen3.5-27b_bigcodebench_20260531_195535,1,114.1,599.93
single_qwen3.5-27b_bigcodebench_20260531_195535,1,114.2,594.5
single_qwen3.5-27b_bigcodebench_20260531_195535,1,114.3,584.27
single_qwen3.5-27b_bigcodebench_20260531_195535,1,114.4,590.89
single_qwen3.5-27b_bigcodebench_20260531_195535,1,114.5,593.74
single_qwen3.5-27b_bigcodebench_20260531_195535,1,114.6,603.76
single_qwen3.5-27b_bigcodebench_20260531_195535,1,114.7,603.89
single_qwen3.5-27b_bigcodebench_20260531_195535,1,114.8,592.23
single_qwen3.5-27b_bigcodebench_20260531_195535,1,114.9,601.84
single_qwen3.5-27b_bigcodebench_20260531_195535,1,115.0,604.75
single_qwen3.5-27b_bigcodebench_20260531_195535,1,115.1,595.36
single_qwen3.5-27b_bigcodebench_20260531_195535,1,115.2,606.03
single_qwen3.5-27b_bigcodebench_20260531_195535,1,115.3,588.74
single_qwen3.5-27b_bigcodebench_20260531_195535,1,115.4,593.3
single_qwen3.5-27b_bigcodebench_20260531_195535,1,115.5,590.46
single_qwen3.5-27b_bigcodebench_20260531_195535,1,115.6,599.81
single_qwen3.5-27b_bigcodebench_20260531_195535,1,115.7,603.72
single_qwen3.5-27b_bigcodebench_20260531_195535,1,115.8,594.88
single_qwen3.5-27b_bigcodebench_20260531_195535,1,115.9,610.68
single_qwen3.5-27b_bigcodebench_20260531_195535,1,116.0,591.75
single_qwen3.5-27b_bigcodebench_20260531_195535,1,116.1,597.1
single_qwen3.5-27b_bigcodebench_20260531_195535,1,116.2,595.54
single_qwen3.5-27b_bigcodebench_20260531_195535,1,116.3,598.14
single_qwen3.5-27b_bigcodebench_20260531_195535,1,116.4,596.12
single_qwen3.5-27b_bigcodebench_20260531_195535,1,116.5,589.71
single_qwen3.5-27b_bigcodebench_20260531_195535,1,116.6,598.86
single_qwen3.5-27b_bigcodebench_20260531_195535,1,116.7,603.9
single_qwen3.5-27b_bigcodebench_20260531_195535,1,116.8,600.89
single_qwen3.5-27b_bigcodebench_20260531_195535,1,116.9,606.2
single_qwen3.5-27b_bigcodebench_20260531_195535,1,117.0,597.98
single_qwen3.5-27b_bigcodebench_20260531_195535,1,117.1,591.76
single_qwen3.5-27b_bigcodebench_20260531_195535,1,117.2,595.07
single_qwen3.5-27b_bigcodebench_20260531_195535,1,117.3,598.0
single_qwen3.5-27b_bigcodebench_20260531_195535,1,117.4,596.72
single_qwen3.5-27b_bigcodebench_20260531_195535,1,117.5,590.87
single_qwen3.5-27b_bigcodebench_20260531_195535,1,117.6,592.27
single_qwen3.5-27b_bigcodebench_20260531_195535,1,117.7,597.48
single_qwen3.5-27b_bigcodebench_20260531_195535,1,117.8,605.55
single_qwen3.5-27b_bigcodebench_20260531_195535,1,117.9,598.74
single_qwen3.5-27b_bigcodebench_20260531_195535,1,118.0,587.61
single_qwen3.5-27b_bigcodebench_20260531_195535,1,118.1,599.92
single_qwen3.5-27b_bigcodebench_20260531_195535,1,118.2,601.27
single_qwen3.5-27b_bigcodebench_20260531_195535,1,118.3,596.04
single_qwen3.5-27b_bigcodebench_20260531_195535,1,118.4,595.16
single_qwen3.5-27b_bigcodebench_20260531_195535,1,118.5,590.25
single_qwen3.5-27b_bigcodebench_20260531_195535,1,118.6,596.62
single_qwen3.5-27b_bigcodebench_20260531_195535,1,118.7,602.73
single_qwen3.5-27b_bigcodebench_20260531_195535,1,118.8,605.84
single_qwen3.5-27b_bigcodebench_20260531_195535,1,118.9,595.41
single_qwen3.5-27b_bigcodebench_20260531_195535,1,119.0,598.72
single_qwen3.5-27b_bigcodebench_20260531_195535,1,119.1,594.7
single_qwen3.5-27b_bigcodebench_20260531_195535,1,119.2,599.32
single_qwen3.5-27b_bigcodebench_20260531_195535,1,119.3,595.27
single_qwen3.5-27b_bigcodebench_20260531_195535,1,119.4,590.72
single_qwen3.5-27b_bigcodebench_20260531_195535,1,119.5,593.53
single_qwen3.5-27b_bigcodebench_20260531_195535,1,119.6,602.75
single_qwen3.5-27b_bigcodebench_20260531_195535,1,119.7,601.76
single_qwen3.5-27b_bigcodebench_20260531_195535,1,119.8,593.25
single_qwen3.5-27b_bigcodebench_20260531_195535,1,119.9,598.33
single_qwen3.5-27b_bigcodebench_20260531_195535,1,120.0,597.98
single_qwen3.5-27b_bigcodebench_20260531_195535,1,120.1,601.28
single_qwen3.5-27b_bigcodebench_20260531_195535,1,120.2,594.46
single_qwen3.5-27b_bigcodebench_20260531_195535,1,120.3,593.81
single_qwen3.5-27b_bigcodebench_20260531_195535,1,120.4,603.63
single_qwen3.5-27b_bigcodebench_20260531_195535,1,120.5,603.32
single_qwen3.5-27b_bigcodebench_20260531_195535,1,120.6,598.87
single_qwen3.5-27b_bigcodebench_20260531_195535,1,120.7,591.56
single_qwen3.5-27b_bigcodebench_20260531_195535,1,120.8,592.52
single_qwen3.5-27b_bigcodebench_20260531_195535,1,120.9,600.21
single_qwen3.5-27b_bigcodebench_20260531_195535,1,121.0,597.67
single_qwen3.5-27b_bigcodebench_20260531_195535,1,121.1,597.19
single_qwen3.5-27b_bigcodebench_20260531_195535,1,121.2,596.51
single_qwen3.5-27b_bigcodebench_20260531_195535,1,121.3,597.89
single_qwen3.5-27b_bigcodebench_20260531_195535,1,121.4,604.49
single_qwen3.5-27b_bigcodebench_20260531_195535,1,121.5,607.67
single_qwen3.5-27b_bigcodebench_20260531_195535,1,121.6,590.22
single_qwen3.5-27b_bigcodebench_20260531_195535,1,121.7,592.85
single_qwen3.5-27b_bigcodebench_20260531_195535,1,121.8,596.41
single_qwen3.5-27b_bigcodebench_20260531_195535,1,121.9,594.67
single_qwen3.5-27b_bigcodebench_20260531_195535,1,122.0,589.79
single_qwen3.5-27b_bigcodebench_20260531_195535,1,122.1,605.02
single_qwen3.5-27b_bigcodebench_20260531_195535,1,122.2,598.46
single_qwen3.5-27b_bigcodebench_20260531_195535,1,122.3,606.21
single_qwen3.5-27b_bigcodebench_20260531_195535,1,122.4,594.95
single_qwen3.5-27b_bigcodebench_20260531_195535,1,122.5,602.27
single_qwen3.5-27b_bigcodebench_20260531_195535,1,122.6,606.78
single_qwen3.5-27b_bigcodebench_20260531_195535,1,122.7,595.27
single_qwen3.5-27b_bigcodebench_20260531_195535,1,122.8,589.84
single_qwen3.5-27b_bigcodebench_20260531_195535,1,122.9,588.18
single_qwen3.5-27b_bigcodebench_20260531_195535,1,123.0,595.46
single_qwen3.5-27b_bigcodebench_20260531_195535,1,123.1,599.51
single_qwen3.5-27b_bigcodebench_20260531_195535,1,123.2,598.06
single_qwen3.5-27b_bigcodebench_20260531_195535,1,123.3,596.5
single_qwen3.5-27b_bigcodebench_20260531_195535,1,123.4,604.32
single_qwen3.5-27b_bigcodebench_20260531_195535,1,123.5,602.62
single_qwen3.5-27b_bigcodebench_20260531_195535,1,123.6,599.12
single_qwen3.5-27b_bigcodebench_20260531_195535,1,123.7,593.28
single_qwen3.5-27b_bigcodebench_20260531_195535,1,123.8,604.66
single_qwen3.5-27b_bigcodebench_20260531_195535,1,123.9,590.89
single_qwen3.5-27b_bigcodebench_20260531_195535,1,124.0,595.16
single_qwen3.5-27b_bigcodebench_20260531_195535,1,124.1,605.53
single_qwen3.5-27b_bigcodebench_20260531_195535,1,124.2,595.17
single_qwen3.5-27b_bigcodebench_20260531_195535,1,124.3,603.92
single_qwen3.5-27b_bigcodebench_20260531_195535,1,124.4,599.41
single_qwen3.5-27b_bigcodebench_20260531_195535,1,124.5,595.27
single_qwen3.5-27b_bigcodebench_20260531_195535,1,124.6,597.97
single_qwen3.5-27b_bigcodebench_20260531_195535,1,124.7,604.18
single_qwen3.5-27b_bigcodebench_20260531_195535,1,124.8,594.28
single_qwen3.5-27b_bigcodebench_20260531_195535,1,124.9,595.83
single_qwen3.5-27b_bigcodebench_20260531_195535,1,125.0,594.39
single_qwen3.5-27b_bigcodebench_20260531_195535,1,125.1,599.04
single_qwen3.5-27b_bigcodebench_20260531_195535,1,125.2,599.14
single_qwen3.5-27b_bigcodebench_20260531_195535,1,125.3,604.56
single_qwen3.5-27b_bigcodebench_20260531_195535,1,125.4,610.14
single_qwen3.5-27b_bigcodebench_20260531_195535,1,125.5,582.18
single_qwen3.5-27b_bigcodebench_20260531_195535,1,125.6,594.57
single_qwen3.5-27b_bigcodebench_20260531_195535,1,125.7,595.64
single_qwen3.5-27b_bigcodebench_20260531_195535,1,125.8,600.5
single_qwen3.5-27b_bigcodebench_20260531_195535,1,125.9,595.46
single_qwen3.5-27b_bigcodebench_20260531_195535,1,126.0,598.07
single_qwen3.5-27b_bigcodebench_20260531_195535,1,126.1,599.9
single_qwen3.5-27b_bigcodebench_20260531_195535,1,126.2,607.77
single_qwen3.5-27b_bigcodebench_20260531_195535,1,126.3,592.56
single_qwen3.5-27b_bigcodebench_20260531_195535,1,126.4,591.08
single_qwen3.5-27b_bigcodebench_20260531_195535,1,126.5,592.31
single_qwen3.5-27b_bigcodebench_20260531_195535,1,126.6,594.64
single_qwen3.5-27b_bigcodebench_20260531_195535,1,126.7,596.33
single_qwen3.5-27b_bigcodebench_20260531_195535,1,126.8,599.72
single_qwen3.5-27b_bigcodebench_20260531_195535,1,126.9,594.09
single_qwen3.5-27b_bigcodebench_20260531_195535,1,127.0,606.79
single_qwen3.5-27b_bigcodebench_20260531_195535,1,127.1,598.55
single_qwen3.5-27b_bigcodebench_20260531_195535,1,127.2,593.89
single_qwen3.5-27b_bigcodebench_20260531_195535,1,127.3,603.43
single_qwen3.5-27b_bigcodebench_20260531_195535,1,127.4,579.34
single_qwen3.5-27b_bigcodebench_20260531_195535,1,127.5,604.49
single_qwen3.5-27b_bigcodebench_20260531_195535,1,127.6,599.16
single_qwen3.5-27b_bigcodebench_20260531_195535,1,127.7,603.4
single_qwen3.5-27b_bigcodebench_20260531_195535,1,127.8,598.41
single_qwen3.5-27b_bigcodebench_20260531_195535,1,127.9,601.07
single_qwen3.5-27b_bigcodebench_20260531_195535,1,128.0,598.42
single_qwen3.5-27b_bigcodebench_20260531_195535,1,128.1,610.58
single_qwen3.5-27b_bigcodebench_20260531_195535,1,128.2,597.47
single_qwen3.5-27b_bigcodebench_20260531_195535,1,128.3,586.84
single_qwen3.5-27b_bigcodebench_20260531_195535,1,128.4,603.98
single_qwen3.5-27b_bigcodebench_20260531_195535,1,128.5,605.4
single_qwen3.5-27b_bigcodebench_20260531_195535,1,128.6,596.43
single_qwen3.5-27b_bigcodebench_20260531_195535,1,128.7,600.66
single_qwen3.5-27b_bigcodebench_20260531_195535,1,128.8,597.28
single_qwen3.5-27b_bigcodebench_20260531_195535,1,128.9,600.61
single_qwen3.5-27b_bigcodebench_20260531_195535,1,129.0,599.63
single_qwen3.5-27b_bigcodebench_20260531_195535,1,129.1,596.59
single_qwen3.5-27b_bigcodebench_20260531_195535,1,129.2,584.19
single_qwen3.5-27b_bigcodebench_20260531_195535,1,129.3,599.72
single_qwen3.5-27b_bigcodebench_20260531_195535,1,129.4,596.31
single_qwen3.5-27b_bigcodebench_20260531_195535,1,129.5,602.06
single_qwen3.5-27b_bigcodebench_20260531_195535,1,129.6,589.94
single_qwen3.5-27b_bigcodebench_20260531_195535,1,129.7,603.5
single_qwen3.5-27b_bigcodebench_20260531_195535,1,129.8,600.22
single_qwen3.5-27b_bigcodebench_20260531_195535,1,129.9,598.65
single_qwen3.5-27b_bigcodebench_20260531_195535,1,130.0,599.81
single_qwen3.5-27b_bigcodebench_20260531_195535,1,130.1,600.88
single_qwen3.5-27b_bigcodebench_20260531_195535,1,130.2,593.92
single_qwen3.5-27b_bigcodebench_20260531_195535,1,130.3,592.83
single_qwen3.5-27b_bigcodebench_20260531_195535,1,130.4,592.9
single_qwen3.5-27b_bigcodebench_20260531_195535,1,130.5,603.02
single_qwen3.5-27b_bigcodebench_20260531_195535,1,130.6,604.37
single_qwen3.5-27b_bigcodebench_20260531_195535,1,130.7,596.6
single_qwen3.5-27b_bigcodebench_20260531_195535,1,130.8,605.01
single_qwen3.5-27b_bigcodebench_20260531_195535,1,130.9,604.75
single_qwen3.5-27b_bigcodebench_20260531_195535,1,131.0,596.14
single_qwen3.5-27b_bigcodebench_20260531_195535,1,131.1,598.39
single_qwen3.5-27b_bigcodebench_20260531_195535,1,131.2,588.97
single_qwen3.5-27b_bigcodebench_20260531_195535,1,131.3,595.77
single_qwen3.5-27b_bigcodebench_20260531_195535,1,131.4,600.73
single_qwen3.5-27b_bigcodebench_20260531_195535,1,131.5,593.51
single_qwen3.5-27b_bigcodebench_20260531_195535,1,131.6,600.28
single_qwen3.5-27b_bigcodebench_20260531_195535,1,131.7,603.34
single_qwen3.5-27b_bigcodebench_20260531_195535,1,131.8,603.48
single_qwen3.5-27b_bigcodebench_20260531_195535,1,131.9,602.7
single_qwen3.5-27b_bigcodebench_20260531_195535,1,132.0,597.4
single_qwen3.5-27b_bigcodebench_20260531_195535,1,132.1,595.96
single_qwen3.5-27b_bigcodebench_20260531_195535,1,132.2,605.17
single_qwen3.5-27b_bigcodebench_20260531_195535,1,132.3,588.75
single_qwen3.5-27b_bigcodebench_20260531_195535,1,132.4,593.82
single_qwen3.5-27b_bigcodebench_20260531_195535,1,132.5,603.69
single_qwen3.5-27b_bigcodebench_20260531_195535,1,132.6,589.59
single_qwen3.5-27b_bigcodebench_20260531_195535,1,132.7,607.7
single_qwen3.5-27b_bigcodebench_20260531_195535,1,132.8,597.38
single_qwen3.5-27b_bigcodebench_20260531_195535,1,132.9,597.59
single_qwen3.5-27b_bigcodebench_20260531_195535,1,133.0,595.33
single_qwen3.5-27b_bigcodebench_20260531_195535,1,133.1,599.53
single_qwen3.5-27b_bigcodebench_20260531_195535,1,133.2,595.06
single_qwen3.5-27b_bigcodebench_20260531_195535,1,133.3,596.42
single_qwen3.5-27b_bigcodebench_20260531_195535,1,133.4,597.3
single_qwen3.5-27b_bigcodebench_20260531_195535,1,133.5,595.15
single_qwen3.5-27b_bigcodebench_20260531_195535,1,133.6,596.51
single_qwen3.5-27b_bigcodebench_20260531_195535,1,133.7,596.34
single_qwen3.5-27b_bigcodebench_20260531_195535,1,133.8,596.52
single_qwen3.5-27b_bigcodebench_20260531_195535,1,133.9,595.56
single_qwen3.5-27b_bigcodebench_20260531_195535,1,134.0,596.14
single_qwen3.5-27b_bigcodebench_20260531_195535,1,134.1,596.41
single_qwen3.5-27b_bigcodebench_20260531_195535,1,134.2,603.04
single_qwen3.5-27b_bigcodebench_20260531_195535,1,134.3,593.6
single_qwen3.5-27b_bigcodebench_20260531_195535,1,134.4,597.12
single_qwen3.5-27b_bigcodebench_20260531_195535,1,134.5,598.72
single_qwen3.5-27b_bigcodebench_20260531_195535,1,134.6,602.72
single_qwen3.5-27b_bigcodebench_20260531_195535,1,134.7,594.77
single_qwen3.5-27b_bigcodebench_20260531_195535,1,134.8,597.4
single_qwen3.5-27b_bigcodebench_20260531_195535,1,134.9,607.58
single_qwen3.5-27b_bigcodebench_20260531_195535,1,135.0,598.73
single_qwen3.5-27b_bigcodebench_20260531_195535,1,135.1,594.59
single_qwen3.5-27b_bigcodebench_20260531_195535,1,135.2,602.23
single_qwen3.5-27b_bigcodebench_20260531_195535,1,135.3,591.85
single_qwen3.5-27b_bigcodebench_20260531_195535,1,135.4,593.67
single_qwen3.5-27b_bigcodebench_20260531_195535,1,135.5,594.86
single_qwen3.5-27b_bigcodebench_20260531_195535,1,135.6,611.34
single_qwen3.5-27b_bigcodebench_20260531_195535,1,135.7,603.59
single_qwen3.5-27b_bigcodebench_20260531_195535,1,135.8,596.03
single_qwen3.5-27b_bigcodebench_20260531_195535,1,135.9,597.96
single_qwen3.5-27b_bigcodebench_20260531_195535,1,136.0,598.85
single_qwen3.5-27b_bigcodebench_20260531_195535,1,136.1,595.36
single_qwen3.5-27b_bigcodebench_20260531_195535,1,136.2,590.3
single_qwen3.5-27b_bigcodebench_20260531_195535,1,136.3,597.27
single_qwen3.5-27b_bigcodebench_20260531_195535,1,136.4,592.43
single_qwen3.5-27b_bigcodebench_20260531_195535,1,136.5,598.08
single_qwen3.5-27b_bigcodebench_20260531_195535,1,136.6,603.41
single_qwen3.5-27b_bigcodebench_20260531_195535,1,136.7,598.13
single_qwen3.5-27b_bigcodebench_20260531_195535,1,136.8,591.28
single_qwen3.5-27b_bigcodebench_20260531_195535,1,136.9,603.23
single_qwen3.5-27b_bigcodebench_20260531_195535,1,137.0,603.61
single_qwen3.5-27b_bigcodebench_20260531_195535,1,137.1,589.63
single_qwen3.5-27b_bigcodebench_20260531_195535,1,137.2,591.27
single_qwen3.5-27b_bigcodebench_20260531_195535,1,137.3,601.39
single_qwen3.5-27b_bigcodebench_20260531_195535,1,137.4,597.59
single_qwen3.5-27b_bigcodebench_20260531_195535,1,137.5,609.5
single_qwen3.5-27b_bigcodebench_20260531_195535,1,137.6,599.92
single_qwen3.5-27b_bigcodebench_20260531_195535,1,137.7,592.64
single_qwen3.5-27b_bigcodebench_20260531_195535,1,137.8,593.52
single_qwen3.5-27b_bigcodebench_20260531_195535,1,137.9,600.32
single_qwen3.5-27b_bigcodebench_20260531_195535,1,138.0,599.46
single_qwen3.5-27b_bigcodebench_20260531_195535,1,138.1,596.72
single_qwen3.5-27b_bigcodebench_20260531_195535,1,138.2,591.53
single_qwen3.5-27b_bigcodebench_20260531_195535,1,138.3,594.94
single_qwen3.5-27b_bigcodebench_20260531_195535,1,138.4,595.65
single_qwen3.5-27b_bigcodebench_20260531_195535,1,138.5,610.29
single_qwen3.5-27b_bigcodebench_20260531_195535,1,138.6,601.15
single_qwen3.5-27b_bigcodebench_20260531_195535,1,138.7,590.56
single_qwen3.5-27b_bigcodebench_20260531_195535,1,138.8,610.6
single_qwen3.5-27b_bigcodebench_20260531_195535,1,138.9,594.49
single_qwen3.5-27b_bigcodebench_20260531_195535,1,139.0,589.26
single_qwen3.5-27b_bigcodebench_20260531_195535,1,139.1,596.61
single_qwen3.5-27b_bigcodebench_20260531_195535,1,139.2,592.36
single_qwen3.5-27b_bigcodebench_20260531_195535,1,139.3,598.37
single_qwen3.5-27b_bigcodebench_20260531_195535,1,139.4,607.3
single_qwen3.5-27b_bigcodebench_20260531_195535,1,139.5,598.54
single_qwen3.5-27b_bigcodebench_20260531_195535,1,139.6,599.13
single_qwen3.5-27b_bigcodebench_20260531_195535,1,139.7,594.21
single_qwen3.5-27b_bigcodebench_20260531_195535,1,139.8,604.87
single_qwen3.5-27b_bigcodebench_20260531_195535,1,139.9,594.15
single_qwen3.5-27b_bigcodebench_20260531_195535,1,140.0,594.95
single_qwen3.5-27b_bigcodebench_20260531_195535,1,140.1,600.31
single_qwen3.5-27b_bigcodebench_20260531_195535,1,140.2,598.35
single_qwen3.5-27b_bigcodebench_20260531_195535,1,140.3,604.27
single_qwen3.5-27b_bigcodebench_20260531_195535,1,140.4,588.25
single_qwen3.5-27b_bigcodebench_20260531_195535,1,140.5,604.47
single_qwen3.5-27b_bigcodebench_20260531_195535,1,140.6,589.94
single_qwen3.5-27b_bigcodebench_20260531_195535,1,140.7,603.41
single_qwen3.5-27b_bigcodebench_20260531_195535,1,140.8,606.24
single_qwen3.5-27b_bigcodebench_20260531_195535,1,140.9,596.28
single_qwen3.5-27b_bigcodebench_20260531_195535,1,141.0,599.19
single_qwen3.5-27b_bigcodebench_20260531_195535,1,141.1,590.32
single_qwen3.5-27b_bigcodebench_20260531_195535,1,141.2,598.43
single_qwen3.5-27b_bigcodebench_20260531_195535,1,141.3,592.59
single_qwen3.5-27b_bigcodebench_20260531_195535,1,141.4,601.74
single_qwen3.5-27b_bigcodebench_20260531_195535,1,141.5,592.08
single_qwen3.5-27b_bigcodebench_20260531_195535,1,141.6,599.41
single_qwen3.5-27b_bigcodebench_20260531_195535,1,141.7,600.48
single_qwen3.5-27b_bigcodebench_20260531_195535,1,141.8,609.43
single_qwen3.5-27b_bigcodebench_20260531_195535,1,141.9,594.11
single_qwen3.5-27b_bigcodebench_20260531_195535,1,142.0,587.78
single_qwen3.5-27b_bigcodebench_20260531_195535,1,142.1,595.61
single_qwen3.5-27b_bigcodebench_20260531_195535,1,142.2,590.75
single_qwen3.5-27b_bigcodebench_20260531_195535,1,142.3,568.22
single_qwen3.5-27b_bigcodebench_20260531_195535,1,142.4,597.22
single_qwen3.5-27b_bigcodebench_20260531_195535,1,142.5,604.2
single_qwen3.5-27b_bigcodebench_20260531_195535,1,142.6,604.36
single_qwen3.5-27b_bigcodebench_20260531_195535,1,142.7,609.12
single_qwen3.5-27b_bigcodebench_20260531_195535,1,142.8,607.32
single_qwen3.5-27b_bigcodebench_20260531_195535,1,142.9,602.75
single_qwen3.5-27b_bigcodebench_20260531_195535,1,143.0,600.14
single_qwen3.5-27b_bigcodebench_20260531_195535,1,143.1,583.62
single_qwen3.5-27b_bigcodebench_20260531_195535,1,143.2,582.72
single_qwen3.5-27b_bigcodebench_20260531_195535,1,143.3,604.78
single_qwen3.5-27b_bigcodebench_20260531_195535,1,143.4,605.0
single_qwen3.5-27b_bigcodebench_20260531_195535,1,143.5,603.03
single_qwen3.5-27b_bigcodebench_20260531_195535,1,143.6,608.29
single_qwen3.5-27b_bigcodebench_20260531_195535,1,143.7,610.77
single_qwen3.5-27b_bigcodebench_20260531_195535,1,143.8,599.84
single_qwen3.5-27b_bigcodebench_20260531_195535,1,143.9,592.92
single_qwen3.5-27b_bigcodebench_20260531_195535,1,144.0,589.85
single_qwen3.5-27b_bigcodebench_20260531_195535,1,144.1,579.15
single_qwen3.5-27b_bigcodebench_20260531_195535,1,144.2,596.75
single_qwen3.5-27b_bigcodebench_20260531_195535,1,144.3,605.08
single_qwen3.5-27b_bigcodebench_20260531_195535,1,144.4,602.17
single_qwen3.5-27b_bigcodebench_20260531_195535,1,144.5,599.86
single_qwen3.5-27b_bigcodebench_20260531_195535,1,144.6,604.0
single_qwen3.5-27b_bigcodebench_20260531_195535,1,144.7,606.23
single_qwen3.5-27b_bigcodebench_20260531_195535,1,144.8,602.65
single_qwen3.5-27b_bigcodebench_20260531_195535,1,144.9,591.51
single_qwen3.5-27b_bigcodebench_20260531_195535,1,145.0,586.34
single_qwen3.5-27b_bigcodebench_20260531_195535,1,145.1,594.82
single_qwen3.5-27b_bigcodebench_20260531_195535,1,145.2,597.21
single_qwen3.5-27b_bigcodebench_20260531_195535,1,145.3,600.79
single_qwen3.5-27b_bigcodebench_20260531_195535,1,145.4,602.13
single_qwen3.5-27b_bigcodebench_20260531_195535,1,145.5,603.69
single_qwen3.5-27b_bigcodebench_20260531_195535,1,145.6,603.11
single_qwen3.5-27b_bigcodebench_20260531_195535,1,145.7,595.25
single_qwen3.5-27b_bigcodebench_20260531_195535,1,145.8,589.27
single_qwen3.5-27b_bigcodebench_20260531_195535,1,145.9,596.12
single_qwen3.5-27b_bigcodebench_20260531_195535,1,146.0,595.15
single_qwen3.5-27b_bigcodebench_20260531_195535,1,146.1,595.25
single_qwen3.5-27b_bigcodebench_20260531_195535,1,146.2,595.83
single_qwen3.5-27b_bigcodebench_20260531_195535,1,146.3,609.01
single_qwen3.5-27b_bigcodebench_20260531_195535,1,146.4,595.92
single_qwen3.5-27b_bigcodebench_20260531_195535,1,146.5,602.62
single_qwen3.5-27b_bigcodebench_20260531_195535,1,146.6,600.56
single_qwen3.5-27b_bigcodebench_20260531_195535,1,146.7,597.88
single_qwen3.5-27b_bigcodebench_20260531_195535,1,146.8,590.51
single_qwen3.5-27b_bigcodebench_20260531_195535,1,146.9,600.41
single_qwen3.5-27b_bigcodebench_20260531_195535,1,147.0,595.55
single_qwen3.5-27b_bigcodebench_20260531_195535,1,147.1,597.07
single_qwen3.5-27b_bigcodebench_20260531_195535,1,147.2,605.05
single_qwen3.5-27b_bigcodebench_20260531_195535,1,147.3,597.57
single_qwen3.5-27b_bigcodebench_20260531_195535,1,147.4,608.35
single_qwen3.5-27b_bigcodebench_20260531_195535,1,147.5,599.62
single_qwen3.5-27b_bigcodebench_20260531_195535,1,147.6,588.38
single_qwen3.5-27b_bigcodebench_20260531_195535,1,147.7,587.68
single_qwen3.5-27b_bigcodebench_20260531_195535,1,147.8,599.94
single_qwen3.5-27b_bigcodebench_20260531_195535,1,147.9,596.53
single_qwen3.5-27b_bigcodebench_20260531_195535,1,148.0,597.86
single_qwen3.5-27b_bigcodebench_20260531_195535,1,148.1,600.54
single_qwen3.5-27b_bigcodebench_20260531_195535,1,148.2,599.63
single_qwen3.5-27b_bigcodebench_20260531_195535,1,148.3,604.12
single_qwen3.5-27b_bigcodebench_20260531_195535,1,148.4,599.81
single_qwen3.5-27b_bigcodebench_20260531_195535,1,148.5,597.47
single_qwen3.5-27b_bigcodebench_20260531_195535,1,148.6,603.31
single_qwen3.5-27b_bigcodebench_20260531_195535,1,148.7,596.87
single_qwen3.5-27b_bigcodebench_20260531_195535,1,148.8,596.81
single_qwen3.5-27b_bigcodebench_20260531_195535,1,148.9,593.04
single_qwen3.5-27b_bigcodebench_20260531_195535,1,149.0,596.54
single_qwen3.5-27b_bigcodebench_20260531_195535,1,149.1,604.75
single_qwen3.5-27b_bigcodebench_20260531_195535,1,149.2,589.45
single_qwen3.5-27b_bigcodebench_20260531_195535,1,149.3,606.13
single_qwen3.5-27b_bigcodebench_20260531_195535,1,149.4,598.43
single_qwen3.5-27b_bigcodebench_20260531_195535,1,149.5,598.11
single_qwen3.5-27b_bigcodebench_20260531_195535,1,149.6,595.63
single_qwen3.5-27b_bigcodebench_20260531_195535,1,149.7,595.27
single_qwen3.5-27b_bigcodebench_20260531_195535,1,149.8,598.45
single_qwen3.5-27b_bigcodebench_20260531_195535,1,149.9,596.7
single_qwen3.5-27b_bigcodebench_20260531_195535,1,150.0,593.05
single_qwen3.5-27b_bigcodebench_20260531_195535,1,150.1,599.51
single_qwen3.5-27b_bigcodebench_20260531_195535,1,150.2,596.34
single_qwen3.5-27b_bigcodebench_20260531_195535,1,150.3,401.6
single_qwen3.5-27b_bigcodebench_20260531_195535,1,150.4,409.05
single_qwen3.5-27b_bigcodebench_20260531_195535,1,150.5,404.01
single_qwen3.5-27b_bigcodebench_20260531_195535,1,150.6,400.99
single_qwen3.5-27b_bigcodebench_20260531_195535,1,150.7,400.0
single_qwen3.5-27b_bigcodebench_20260531_195535,1,150.8,398.55
single_qwen3.5-27b_bigcodebench_20260531_195535,1,150.9,400.97
single_qwen3.5-27b_bigcodebench_20260531_195535,1,151.0,399.81
single_qwen3.5-27b_bigcodebench_20260531_195535,1,151.1,398.17
single_qwen3.5-27b_bigcodebench_20260531_195535,1,151.2,400.67
single_qwen3.5-27b_bigcodebench_20260531_195535,1,151.3,399.95
single_qwen3.5-27b_bigcodebench_20260531_195535,1,151.4,409.95
single_qwen3.5-27b_bigcodebench_20260531_195535,1,151.5,399.36
single_qwen3.5-27b_bigcodebench_20260531_195535,1,151.6,400.49
single_qwen3.5-27b_bigcodebench_20260531_195535,1,151.7,402.14
single_qwen3.5-27b_bigcodebench_20260531_195535,1,151.8,397.06
single_qwen3.5-27b_bigcodebench_20260531_195535,1,151.9,399.8
single_qwen3.5-27b_bigcodebench_20260531_195535,1,152.0,398.62
single_qwen3.5-27b_bigcodebench_20260531_195535,1,152.1,399.41
single_qwen3.5-27b_bigcodebench_20260531_195535,1,152.2,397.47
single_qwen3.5-27b_bigcodebench_20260531_195535,1,152.3,399.58
single_qwen3.5-27b_bigcodebench_20260531_195535,1,152.4,403.8
single_qwen3.5-27b_bigcodebench_20260531_195535,1,152.5,400.97
single_qwen3.5-27b_bigcodebench_20260531_195535,1,152.6,399.49
single_qwen3.5-27b_bigcodebench_20260531_195535,1,152.7,400.48
single_qwen3.5-27b_bigcodebench_20260531_195535,1,152.8,398.92
single_qwen3.5-27b_bigcodebench_20260531_195535,1,152.9,397.09
single_qwen3.5-27b_bigcodebench_20260531_195535,1,153.0,397.78
single_qwen3.5-27b_bigcodebench_20260531_195535,1,153.1,396.51
single_qwen3.5-27b_bigcodebench_20260531_195535,1,153.2,399.09
single_qwen3.5-27b_bigcodebench_20260531_195535,1,153.3,396.98
single_qwen3.5-27b_bigcodebench_20260531_195535,1,153.4,397.67
single_qwen3.5-27b_bigcodebench_20260531_195535,1,153.5,402.03
single_qwen3.5-27b_bigcodebench_20260531_195535,1,153.6,407.03
single_qwen3.5-27b_bigcodebench_20260531_195535,1,153.7,400.71
single_qwen3.5-27b_bigcodebench_20260531_195535,1,153.8,398.34
single_qwen3.5-27b_bigcodebench_20260531_195535,1,153.9,397.21
single_qwen3.5-27b_bigcodebench_20260531_195535,1,154.0,400.88
single_qwen3.5-27b_bigcodebench_20260531_195535,1,154.1,397.77
single_qwen3.5-27b_bigcodebench_20260531_195535,1,154.2,397.88
single_qwen3.5-27b_bigcodebench_20260531_195535,1,154.3,397.66
single_qwen3.5-27b_bigcodebench_20260531_195535,1,154.4,396.12
single_qwen3.5-27b_bigcodebench_20260531_195535,1,154.5,405.72
single_qwen3.5-27b_bigcodebench_20260531_195535,1,154.6,397.84
single_qwen3.5-27b_bigcodebench_20260531_195535,1,154.7,398.15
single_qwen3.5-27b_bigcodebench_20260531_195535,1,154.8,396.48
single_qwen3.5-27b_bigcodebench_20260531_195535,1,154.9,395.56
single_qwen3.5-27b_bigcodebench_20260531_195535,1,155.0,395.42
single_qwen3.5-27b_bigcodebench_20260531_195535,1,155.1,395.32
single_qwen3.5-27b_bigcodebench_20260531_195535,1,155.2,394.14
single_qwen3.5-27b_bigcodebench_20260531_195535,1,155.3,397.16
single_qwen3.5-27b_bigcodebench_20260531_195535,1,155.4,397.37
single_qwen3.5-27b_bigcodebench_20260531_195535,1,155.5,396.32
single_qwen3.5-27b_bigcodebench_20260531_195535,1,155.6,401.93
single_qwen3.5-27b_bigcodebench_20260531_195535,1,155.7,399.51
single_qwen3.5-27b_bigcodebench_20260531_195535,1,155.8,399.13
single_qwen3.5-27b_bigcodebench_20260531_195535,1,155.9,394.13
single_qwen3.5-27b_bigcodebench_20260531_195535,1,156.0,396.56
single_qwen3.5-27b_bigcodebench_20260531_195535,1,156.1,396.31
single_qwen3.5-27b_bigcodebench_20260531_195535,1,156.2,396.76
single_qwen3.5-27b_bigcodebench_20260531_195535,1,156.3,394.56
single_qwen3.5-27b_bigcodebench_20260531_195535,1,156.4,396.76
single_qwen3.5-27b_bigcodebench_20260531_195535,1,156.5,407.39
single_qwen3.5-27b_bigcodebench_20260531_195535,1,156.6,390.69
single_qwen3.5-27b_bigcodebench_20260531_195535,1,156.7,392.67
single_qwen3.5-27b_bigcodebench_20260531_195535,1,156.8,396.4
single_qwen3.5-27b_bigcodebench_20260531_195535,1,156.9,407.4
single_qwen3.5-27b_bigcodebench_20260531_195535,1,157.0,394.46
single_qwen3.5-27b_bigcodebench_20260531_195535,1,157.1,393.08
single_qwen3.5-27b_bigcodebench_20260531_195535,1,157.2,396.29
single_qwen3.5-27b_bigcodebench_20260531_195535,1,157.3,393.4
single_qwen3.5-27b_bigcodebench_20260531_195535,1,157.4,395.3
single_qwen3.5-27b_bigcodebench_20260531_195535,1,157.5,401.14
single_qwen3.5-27b_bigcodebench_20260531_195535,1,157.6,397.44
single_qwen3.5-27b_bigcodebench_20260531_195535,1,157.7,393.28
single_qwen3.5-27b_bigcodebench_20260531_195535,1,157.8,395.02
single_qwen3.5-27b_bigcodebench_20260531_195535,1,157.9,402.33
single_qwen3.5-27b_bigcodebench_20260531_195535,1,158.0,397.26
single_qwen3.5-27b_bigcodebench_20260531_195535,1,158.1,394.45
single_qwen3.5-27b_bigcodebench_20260531_195535,1,158.2,395.55
single_qwen3.5-27b_bigcodebench_20260531_195535,1,158.3,394.47
single_qwen3.5-27b_bigcodebench_20260531_195535,1,158.4,395.55
single_qwen3.5-27b_bigcodebench_20260531_195535,1,158.5,393.48
single_qwen3.5-27b_bigcodebench_20260531_195535,1,158.6,395.02
single_qwen3.5-27b_bigcodebench_20260531_195535,1,158.7,395.1
single_qwen3.5-27b_bigcodebench_20260531_195535,1,158.8,393.0
single_qwen3.5-27b_bigcodebench_20260531_195535,1,158.9,401.07
single_qwen3.5-27b_bigcodebench_20260531_195535,1,159.0,394.43
single_qwen3.5-27b_bigcodebench_20260531_195535,1,159.1,392.22
single_qwen3.5-27b_bigcodebench_20260531_195535,1,159.2,393.66
single_qwen3.5-27b_bigcodebench_20260531_195535,1,159.3,394.35
single_qwen3.5-27b_bigcodebench_20260531_195535,1,159.4,400.4
single_qwen3.5-27b_bigcodebench_20260531_195535,1,159.5,392.62
single_qwen3.5-27b_bigcodebench_20260531_195535,1,159.6,391.82
single_qwen3.5-27b_bigcodebench_20260531_195535,1,159.7,394.25
single_qwen3.5-27b_bigcodebench_20260531_195535,1,159.8,400.88
single_qwen3.5-27b_bigcodebench_20260531_195535,1,159.9,396.8
single_qwen3.5-27b_bigcodebench_20260531_195535,1,160.0,392.1
single_qwen3.5-27b_bigcodebench_20260531_195535,1,160.1,393.09
single_qwen3.5-27b_bigcodebench_20260531_195535,1,160.2,393.87
single_qwen3.5-27b_bigcodebench_20260531_195535,1,160.3,392.31
single_qwen3.5-27b_bigcodebench_20260531_195535,1,160.4,402.71
single_qwen3.5-27b_bigcodebench_20260531_195535,1,160.5,391.71
single_qwen3.5-27b_bigcodebench_20260531_195535,1,160.6,391.51
single_qwen3.5-27b_bigcodebench_20260531_195535,1,160.7,398.12
single_qwen3.5-27b_bigcodebench_20260531_195535,1,160.8,389.62
single_qwen3.5-27b_bigcodebench_20260531_195535,1,160.9,403.75
single_qwen3.5-27b_bigcodebench_20260531_195535,1,161.0,391.24
single_qwen3.5-27b_bigcodebench_20260531_195535,1,161.1,390.43
single_qwen3.5-27b_bigcodebench_20260531_195535,1,161.2,391.01
single_qwen3.5-27b_bigcodebench_20260531_195535,1,161.3,390.54
single_qwen3.5-27b_bigcodebench_20260531_195535,1,161.4,391.11
single_qwen3.5-27b_bigcodebench_20260531_195535,1,161.5,391.39
single_qwen3.5-27b_bigcodebench_20260531_195535,1,161.6,391.78
single_qwen3.5-27b_bigcodebench_20260531_195535,1,161.7,398.97
single_qwen3.5-27b_bigcodebench_20260531_195535,1,161.8,395.57
single_qwen3.5-27b_bigcodebench_20260531_195535,1,161.9,398.12
single_qwen3.5-27b_bigcodebench_20260531_195535,1,162.0,394.33
single_qwen3.5-27b_bigcodebench_20260531_195535,1,162.1,389.76
single_qwen3.5-27b_bigcodebench_20260531_195535,1,162.2,389.55
single_qwen3.5-27b_bigcodebench_20260531_195535,1,162.3,391.1
single_qwen3.5-27b_bigcodebench_20260531_195535,1,162.4,391.88
single_qwen3.5-27b_bigcodebench_20260531_195535,1,162.5,388.78
single_qwen3.5-27b_bigcodebench_20260531_195535,1,162.6,399.28
single_qwen3.5-27b_bigcodebench_20260531_195535,1,162.7,394.23
single_qwen3.5-27b_bigcodebench_20260531_195535,1,162.8,398.99
single_qwen3.5-27b_bigcodebench_20260531_195535,1,162.9,389.74
single_qwen3.5-27b_bigcodebench_20260531_195535,1,163.0,392.38
single_qwen3.5-27b_bigcodebench_20260531_195535,1,163.1,388.88
single_qwen3.5-27b_bigcodebench_20260531_195535,1,163.2,388.75
single_qwen3.5-27b_bigcodebench_20260531_195535,1,163.3,389.44
single_qwen3.5-27b_bigcodebench_20260531_195535,1,163.4,393.14
single_qwen3.5-27b_bigcodebench_20260531_195535,1,163.5,388.85
single_qwen3.5-27b_bigcodebench_20260531_195535,1,163.6,399.46
single_qwen3.5-27b_bigcodebench_20260531_195535,1,163.7,397.31
single_qwen3.5-27b_bigcodebench_20260531_195535,1,163.8,393.25
single_qwen3.5-27b_bigcodebench_20260531_195535,1,163.9,388.67
single_qwen3.5-27b_bigcodebench_20260531_195535,1,164.0,390.13
single_qwen3.5-27b_bigcodebench_20260531_195535,1,164.1,392.66
single_qwen3.5-27b_bigcodebench_20260531_195535,1,164.2,387.69
single_qwen3.5-27b_bigcodebench_20260531_195535,1,164.3,388.36
single_qwen3.5-27b_bigcodebench_20260531_195535,1,164.4,390.21
single_qwen3.5-27b_bigcodebench_20260531_195535,1,164.5,391.98
single_qwen3.5-27b_bigcodebench_20260531_195535,1,164.6,391.09
single_qwen3.5-27b_bigcodebench_20260531_195535,1,164.7,395.55
single_qwen3.5-27b_bigcodebench_20260531_195535,1,164.8,398.88
single_qwen3.5-27b_bigcodebench_20260531_195535,1,164.9,394.3
single_qwen3.5-27b_bigcodebench_20260531_195535,1,165.0,388.27
single_qwen3.5-27b_bigcodebench_20260531_195535,1,165.1,391.09
single_qwen3.5-27b_bigcodebench_20260531_195535,1,165.2,390.03
single_qwen3.5-27b_bigcodebench_20260531_195535,1,165.3,389.66
single_qwen3.5-27b_bigcodebench_20260531_195535,1,165.4,391.18
single_qwen3.5-27b_bigcodebench_20260531_195535,1,165.5,390.03
single_qwen3.5-27b_bigcodebench_20260531_195535,1,165.6,392.82
single_qwen3.5-27b_bigcodebench_20260531_195535,1,165.7,397.62
single_qwen3.5-27b_bigcodebench_20260531_195535,1,165.8,445.02
single_qwen3.5-27b_bigcodebench_20260531_195535,1,165.9,595.03
single_qwen3.5-27b_bigcodebench_20260531_195535,1,166.0,402.28
single_qwen3.5-27b_bigcodebench_20260531_195535,1,166.1,459.67
single_qwen3.5-27b_bigcodebench_20260531_195535,1,166.2,605.49
single_qwen3.5-27b_bigcodebench_20260531_195535,1,166.3,591.52
single_qwen3.5-27b_bigcodebench_20260531_195535,1,166.4,611.37
single_qwen3.5-27b_bigcodebench_20260531_195535,1,166.5,584.12
single_qwen3.5-27b_bigcodebench_20260531_195535,1,166.6,607.43
single_qwen3.5-27b_bigcodebench_20260531_195535,1,166.7,597.47
single_qwen3.5-27b_bigcodebench_20260531_195535,1,166.8,583.07
single_qwen3.5-27b_bigcodebench_20260531_195535,1,166.9,599.73
single_qwen3.5-27b_bigcodebench_20260531_195535,1,167.0,581.45
single_qwen3.5-27b_bigcodebench_20260531_195535,1,167.1,599.23
single_qwen3.5-27b_bigcodebench_20260531_195535,1,167.2,599.22
single_qwen3.5-27b_bigcodebench_20260531_195535,1,167.3,601.28
single_qwen3.5-27b_bigcodebench_20260531_195535,1,167.4,599.83
single_qwen3.5-27b_bigcodebench_20260531_195535,1,167.5,599.43
single_qwen3.5-27b_bigcodebench_20260531_195535,1,167.6,596.52
single_qwen3.5-27b_bigcodebench_20260531_195535,1,167.7,591.08
single_qwen3.5-27b_bigcodebench_20260531_195535,1,167.8,595.83
single_qwen3.5-27b_bigcodebench_20260531_195535,1,167.9,598.62
single_qwen3.5-27b_bigcodebench_20260531_195535,1,168.0,594.67
single_qwen3.5-27b_bigcodebench_20260531_195535,1,168.1,602.46
single_qwen3.5-27b_bigcodebench_20260531_195535,1,168.2,604.67
single_qwen3.5-27b_bigcodebench_20260531_195535,1,168.3,594.46
single_qwen3.5-27b_bigcodebench_20260531_195535,1,168.4,600.97
single_qwen3.5-27b_bigcodebench_20260531_195535,1,168.5,596.52
single_qwen3.5-27b_bigcodebench_20260531_195535,1,168.6,599.62
single_qwen3.5-27b_bigcodebench_20260531_195535,1,168.7,591.46
single_qwen3.5-27b_bigcodebench_20260531_195535,1,168.8,598.28
single_qwen3.5-27b_bigcodebench_20260531_195535,1,168.9,598.25
single_qwen3.5-27b_bigcodebench_20260531_195535,1,169.0,598.15
single_qwen3.5-27b_bigcodebench_20260531_195535,1,169.1,599.69
single_qwen3.5-27b_bigcodebench_20260531_195535,1,169.2,600.61
single_qwen3.5-27b_bigcodebench_20260531_195535,1,169.3,600.77
single_qwen3.5-27b_bigcodebench_20260531_195535,1,169.4,596.02
single_qwen3.5-27b_bigcodebench_20260531_195535,1,169.5,599.92
single_qwen3.5-27b_bigcodebench_20260531_195535,1,169.6,600.1
single_qwen3.5-27b_bigcodebench_20260531_195535,1,169.7,591.64
single_qwen3.5-27b_bigcodebench_20260531_195535,1,169.8,598.96
single_qwen3.5-27b_bigcodebench_20260531_195535,1,169.9,593.67
single_qwen3.5-27b_bigcodebench_20260531_195535,1,170.0,604.59
single_qwen3.5-27b_bigcodebench_20260531_195535,1,170.1,599.14
single_qwen3.5-27b_bigcodebench_20260531_195535,1,170.2,599.83
single_qwen3.5-27b_bigcodebench_20260531_195535,1,170.3,595.45
single_qwen3.5-27b_bigcodebench_20260531_195535,1,170.4,597.59
single_qwen3.5-27b_bigcodebench_20260531_195535,1,170.5,601.35
single_qwen3.5-27b_bigcodebench_20260531_195535,1,170.6,602.41
single_qwen3.5-27b_bigcodebench_20260531_195535,1,170.7,594.97
single_qwen3.5-27b_bigcodebench_20260531_195535,1,170.8,593.13
single_qwen3.5-27b_bigcodebench_20260531_195535,1,170.9,595.64
single_qwen3.5-27b_bigcodebench_20260531_195535,1,171.0,592.72
single_qwen3.5-27b_bigcodebench_20260531_195535,1,171.1,599.9
single_qwen3.5-27b_bigcodebench_20260531_195535,1,171.2,602.84
single_qwen3.5-27b_bigcodebench_20260531_195535,1,171.3,594.3
single_qwen3.5-27b_bigcodebench_20260531_195535,1,171.4,599.92
single_qwen3.5-27b_bigcodebench_20260531_195535,1,171.5,604.38
single_qwen3.5-27b_bigcodebench_20260531_195535,1,171.6,596.88
single_qwen3.5-27b_bigcodebench_20260531_195535,1,171.7,594.28
single_qwen3.5-27b_bigcodebench_20260531_195535,1,171.8,599.22
single_qwen3.5-27b_bigcodebench_20260531_195535,1,171.9,589.92
single_qwen3.5-27b_bigcodebench_20260531_195535,1,172.0,598.08
single_qwen3.5-27b_bigcodebench_20260531_195535,1,172.1,598.38
single_qwen3.5-27b_bigcodebench_20260531_195535,1,172.2,596.48
single_qwen3.5-27b_bigcodebench_20260531_195535,1,172.3,598.54
single_qwen3.5-27b_bigcodebench_20260531_195535,1,172.4,600.39
single_qwen3.5-27b_bigcodebench_20260531_195535,1,172.5,596.52
single_qwen3.5-27b_bigcodebench_20260531_195535,1,172.6,595.93
single_qwen3.5-27b_bigcodebench_20260531_195535,1,172.7,596.58
single_qwen3.5-27b_bigcodebench_20260531_195535,1,172.8,601.36
single_qwen3.5-27b_bigcodebench_20260531_195535,1,172.9,595.13
single_qwen3.5-27b_bigcodebench_20260531_195535,1,173.0,594.42
single_qwen3.5-27b_bigcodebench_20260531_195535,1,173.1,593.21
single_qwen3.5-27b_bigcodebench_20260531_195535,1,173.2,592.34
single_qwen3.5-27b_bigcodebench_20260531_195535,1,173.3,596.39
single_qwen3.5-27b_bigcodebench_20260531_195535,1,173.4,596.39
single_qwen3.5-27b_bigcodebench_20260531_195535,1,173.5,600.57
single_qwen3.5-27b_bigcodebench_20260531_195535,1,173.6,600.01
single_qwen3.5-27b_bigcodebench_20260531_195535,1,173.7,598.84
single_qwen3.5-27b_bigcodebench_20260531_195535,1,173.8,595.17
single_qwen3.5-27b_bigcodebench_20260531_195535,1,173.9,597.42
single_qwen3.5-27b_bigcodebench_20260531_195535,1,174.0,588.56
single_qwen3.5-27b_bigcodebench_20260531_195535,1,174.1,599.33
single_qwen3.5-27b_bigcodebench_20260531_195535,1,174.2,601.72
single_qwen3.5-27b_bigcodebench_20260531_195535,1,174.3,598.43
single_qwen3.5-27b_bigcodebench_20260531_195535,1,174.4,598.55
single_qwen3.5-27b_bigcodebench_20260531_195535,1,174.5,599.32
single_qwen3.5-27b_bigcodebench_20260531_195535,1,174.6,593.85
single_qwen3.5-27b_bigcodebench_20260531_195535,1,174.7,593.88
single_qwen3.5-27b_bigcodebench_20260531_195535,1,174.8,595.55
single_qwen3.5-27b_bigcodebench_20260531_195535,1,174.9,594.08
single_qwen3.5-27b_bigcodebench_20260531_195535,1,175.0,599.03
single_qwen3.5-27b_bigcodebench_20260531_195535,1,175.1,602.31
single_qwen3.5-27b_bigcodebench_20260531_195535,1,175.2,603.91
single_qwen3.5-27b_bigcodebench_20260531_195535,1,175.3,597.67
single_qwen3.5-27b_bigcodebench_20260531_195535,1,175.4,600.75
single_qwen3.5-27b_bigcodebench_20260531_195535,1,175.5,591.43
single_qwen3.5-27b_bigcodebench_20260531_195535,1,175.6,599.23
single_qwen3.5-27b_bigcodebench_20260531_195535,1,175.7,591.91
single_qwen3.5-27b_bigcodebench_20260531_195535,1,175.8,594.46
single_qwen3.5-27b_bigcodebench_20260531_195535,1,175.9,596.23
single_qwen3.5-27b_bigcodebench_20260531_195535,1,176.0,594.37
single_qwen3.5-27b_bigcodebench_20260531_195535,1,176.1,603.32
single_qwen3.5-27b_bigcodebench_20260531_195535,1,176.2,599.72
single_qwen3.5-27b_bigcodebench_20260531_195535,1,176.3,599.3
single_qwen3.5-27b_bigcodebench_20260531_195535,1,176.4,597.74
single_qwen3.5-27b_bigcodebench_20260531_195535,1,176.5,597.27
single_qwen3.5-27b_bigcodebench_20260531_195535,1,176.6,594.26
single_qwen3.5-27b_bigcodebench_20260531_195535,1,176.7,604.86
single_qwen3.5-27b_bigcodebench_20260531_195535,1,176.8,592.54
single_qwen3.5-27b_bigcodebench_20260531_195535,1,176.9,594.25
single_qwen3.5-27b_bigcodebench_20260531_195535,1,177.0,598.48
single_qwen3.5-27b_bigcodebench_20260531_195535,1,177.1,593.73
single_qwen3.5-27b_bigcodebench_20260531_195535,1,177.2,597.7
single_qwen3.5-27b_bigcodebench_20260531_195535,1,177.3,597.75
single_qwen3.5-27b_bigcodebench_20260531_195535,1,177.4,599.5
single_qwen3.5-27b_bigcodebench_20260531_195535,1,177.5,597.35
single_qwen3.5-27b_bigcodebench_20260531_195535,1,177.6,599.59
single_qwen3.5-27b_bigcodebench_20260531_195535,1,177.7,595.66
single_qwen3.5-27b_bigcodebench_20260531_195535,1,177.8,589.75
single_qwen3.5-27b_bigcodebench_20260531_195535,1,177.9,602.04
single_qwen3.5-27b_bigcodebench_20260531_195535,1,178.0,599.58
single_qwen3.5-27b_bigcodebench_20260531_195535,1,178.1,601.05
single_qwen3.5-27b_bigcodebench_20260531_195535,1,178.2,597.3
single_qwen3.5-27b_bigcodebench_20260531_195535,1,178.3,602.71
single_qwen3.5-27b_bigcodebench_20260531_195535,1,178.4,597.16
single_qwen3.5-27b_bigcodebench_20260531_195535,1,178.5,597.18
single_qwen3.5-27b_bigcodebench_20260531_195535,1,178.6,591.6
single_qwen3.5-27b_bigcodebench_20260531_195535,1,178.7,590.39
single_qwen3.5-27b_bigcodebench_20260531_195535,1,178.8,596.89
single_qwen3.5-27b_bigcodebench_20260531_195535,1,178.9,592.72
single_qwen3.5-27b_bigcodebench_20260531_195535,1,179.0,601.84
single_qwen3.5-27b_bigcodebench_20260531_195535,1,179.1,596.39
single_qwen3.5-27b_bigcodebench_20260531_195535,1,179.2,600.79
single_qwen3.5-27b_bigcodebench_20260531_195535,1,179.3,599.01
single_qwen3.5-27b_bigcodebench_20260531_195535,1,179.4,602.82
single_qwen3.5-27b_bigcodebench_20260531_195535,1,179.5,593.9
single_qwen3.5-27b_bigcodebench_20260531_195535,1,179.6,599.43
single_qwen3.5-27b_bigcodebench_20260531_195535,1,179.7,590.08
single_qwen3.5-27b_bigcodebench_20260531_195535,1,179.8,604.36
single_qwen3.5-27b_bigcodebench_20260531_195535,1,179.9,597.88
single_qwen3.5-27b_bigcodebench_20260531_195535,1,180.0,601.07
single_qwen3.5-27b_bigcodebench_20260531_195535,1,180.1,596.62
single_qwen3.5-27b_bigcodebench_20260531_195535,1,180.2,597.87
single_qwen3.5-27b_bigcodebench_20260531_195535,1,180.3,592.79
single_qwen3.5-27b_bigcodebench_20260531_195535,1,180.4,599.84
single_qwen3.5-27b_bigcodebench_20260531_195535,1,180.5,603.81
single_qwen3.5-27b_bigcodebench_20260531_195535,1,180.6,590.9
single_qwen3.5-27b_bigcodebench_20260531_195535,1,180.7,585.14
single_qwen3.5-27b_bigcodebench_20260531_195535,1,180.8,594.67
single_qwen3.5-27b_bigcodebench_20260531_195535,1,180.9,605.13
single_qwen3.5-27b_bigcodebench_20260531_195535,1,181.0,600.02
single_qwen3.5-27b_bigcodebench_20260531_195535,1,181.1,597.2
single_qwen3.5-27b_bigcodebench_20260531_195535,1,181.2,601.87
single_qwen3.5-27b_bigcodebench_20260531_195535,1,181.3,593.83
single_qwen3.5-27b_bigcodebench_20260531_195535,1,181.4,599.55
single_qwen3.5-27b_bigcodebench_20260531_195535,1,181.5,596.91
single_qwen3.5-27b_bigcodebench_20260531_195535,1,181.6,600.12
single_qwen3.5-27b_bigcodebench_20260531_195535,1,181.7,594.29
single_qwen3.5-27b_bigcodebench_20260531_195535,1,181.8,601.16
single_qwen3.5-27b_bigcodebench_20260531_195535,1,181.9,603.01
single_qwen3.5-27b_bigcodebench_20260531_195535,1,182.0,598.56
single_qwen3.5-27b_bigcodebench_20260531_195535,1,182.1,596.05
single_qwen3.5-27b_bigcodebench_20260531_195535,1,182.2,603.62
single_qwen3.5-27b_bigcodebench_20260531_195535,1,182.3,595.9
single_qwen3.5-27b_bigcodebench_20260531_195535,1,182.4,602.35
single_qwen3.5-27b_bigcodebench_20260531_195535,1,182.5,595.83
single_qwen3.5-27b_bigcodebench_20260531_195535,1,182.6,593.43
single_qwen3.5-27b_bigcodebench_20260531_195535,1,182.7,601.57
single_qwen3.5-27b_bigcodebench_20260531_195535,1,182.8,602.24
single_qwen3.5-27b_bigcodebench_20260531_195535,1,182.9,589.72
single_qwen3.5-27b_bigcodebench_20260531_195535,1,183.0,587.88
single_qwen3.5-27b_bigcodebench_20260531_195535,1,183.1,605.45
single_qwen3.5-27b_bigcodebench_20260531_195535,1,183.2,593.99
single_qwen3.5-27b_bigcodebench_20260531_195535,1,183.3,596.33
single_qwen3.5-27b_bigcodebench_20260531_195535,1,183.4,598.39
single_qwen3.5-27b_bigcodebench_20260531_195535,1,183.5,600.49
single_qwen3.5-27b_bigcodebench_20260531_195535,1,183.6,600.45
single_qwen3.5-27b_bigcodebench_20260531_195535,1,183.7,596.7
single_qwen3.5-27b_bigcodebench_20260531_195535,1,183.8,599.72
single_qwen3.5-27b_bigcodebench_20260531_195535,1,183.9,587.79
single_qwen3.5-27b_bigcodebench_20260531_195535,1,184.0,592.63
single_qwen3.5-27b_bigcodebench_20260531_195535,1,184.1,599.93
single_qwen3.5-27b_bigcodebench_20260531_195535,1,184.2,602.44
single_qwen3.5-27b_bigcodebench_20260531_195535,1,184.3,594.21
single_qwen3.5-27b_bigcodebench_20260531_195535,1,184.4,596.8
single_qwen3.5-27b_bigcodebench_20260531_195535,1,184.5,598.56
single_qwen3.5-27b_bigcodebench_20260531_195535,1,184.6,595.36
single_qwen3.5-27b_bigcodebench_20260531_195535,1,184.7,598.26
single_qwen3.5-27b_bigcodebench_20260531_195535,1,184.8,591.59
single_qwen3.5-27b_bigcodebench_20260531_195535,1,184.9,598.19
single_qwen3.5-27b_bigcodebench_20260531_195535,1,185.0,595.2
single_qwen3.5-27b_bigcodebench_20260531_195535,1,185.1,603.33
single_qwen3.5-27b_bigcodebench_20260531_195535,1,185.2,597.89
single_qwen3.5-27b_bigcodebench_20260531_195535,1,185.3,592.74
single_qwen3.5-27b_bigcodebench_20260531_195535,1,185.4,603.9
single_qwen3.5-27b_bigcodebench_20260531_195535,1,185.5,593.69
single_qwen3.5-27b_bigcodebench_20260531_195535,1,185.6,600.62
single_qwen3.5-27b_bigcodebench_20260531_195535,1,185.7,593.88
single_qwen3.5-27b_bigcodebench_20260531_195535,1,185.8,585.43
single_qwen3.5-27b_bigcodebench_20260531_195535,1,185.9,601.67
single_qwen3.5-27b_bigcodebench_20260531_195535,1,186.0,602.53
single_qwen3.5-27b_bigcodebench_20260531_195535,1,186.1,599.04
single_qwen3.5-27b_bigcodebench_20260531_195535,1,186.2,595.22
single_qwen3.5-27b_bigcodebench_20260531_195535,1,186.3,593.6
single_qwen3.5-27b_bigcodebench_20260531_195535,1,186.4,603.77
single_qwen3.5-27b_bigcodebench_20260531_195535,1,186.5,592.91
single_qwen3.5-27b_bigcodebench_20260531_195535,1,186.6,602.27
single_qwen3.5-27b_bigcodebench_20260531_195535,1,186.7,588.0
single_qwen3.5-27b_bigcodebench_20260531_195535,1,186.8,593.0
single_qwen3.5-27b_bigcodebench_20260531_195535,1,186.9,602.62
single_qwen3.5-27b_bigcodebench_20260531_195535,1,187.0,606.68
single_qwen3.5-27b_bigcodebench_20260531_195535,1,187.1,603.64
single_qwen3.5-27b_bigcodebench_20260531_195535,1,187.2,604.29
single_qwen3.5-27b_bigcodebench_20260531_195535,1,187.3,595.24
single_qwen3.5-27b_bigcodebench_20260531_195535,1,187.4,593.23
single_qwen3.5-27b_bigcodebench_20260531_195535,1,187.5,606.92
single_qwen3.5-27b_bigcodebench_20260531_195535,1,187.6,590.58
single_qwen3.5-27b_bigcodebench_20260531_195535,1,187.7,598.07
single_qwen3.5-27b_bigcodebench_20260531_195535,1,187.8,604.26
single_qwen3.5-27b_bigcodebench_20260531_195535,1,187.9,597.98
single_qwen3.5-27b_bigcodebench_20260531_195535,1,188.0,593.12
single_qwen3.5-27b_bigcodebench_20260531_195535,1,188.1,595.4
single_qwen3.5-27b_bigcodebench_20260531_195535,1,188.2,608.09
single_qwen3.5-27b_bigcodebench_20260531_195535,1,188.3,598.62
single_qwen3.5-27b_bigcodebench_20260531_195535,1,188.4,597.53
single_qwen3.5-27b_bigcodebench_20260531_195535,1,188.5,606.24
single_qwen3.5-27b_bigcodebench_20260531_195535,1,188.6,586.12
single_qwen3.5-27b_bigcodebench_20260531_195535,1,188.7,601.46
single_qwen3.5-27b_bigcodebench_20260531_195535,1,188.8,597.54
single_qwen3.5-27b_bigcodebench_20260531_195535,1,188.9,598.94
single_qwen3.5-27b_bigcodebench_20260531_195535,1,189.0,598.95
single_qwen3.5-27b_bigcodebench_20260531_195535,1,189.1,594.17
single_qwen3.5-27b_bigcodebench_20260531_195535,1,189.2,599.6
single_qwen3.5-27b_bigcodebench_20260531_195535,1,189.3,594.54
single_qwen3.5-27b_bigcodebench_20260531_195535,1,189.4,601.79
single_qwen3.5-27b_bigcodebench_20260531_195535,1,189.5,595.18
single_qwen3.5-27b_bigcodebench_20260531_195535,1,189.6,603.29
single_qwen3.5-27b_bigcodebench_20260531_195535,1,189.7,595.74
single_qwen3.5-27b_bigcodebench_20260531_195535,1,189.8,596.63
single_qwen3.5-27b_bigcodebench_20260531_195535,1,189.9,595.06
single_qwen3.5-27b_bigcodebench_20260531_195535,1,190.0,599.22
single_qwen3.5-27b_bigcodebench_20260531_195535,1,190.1,591.54
single_qwen3.5-27b_bigcodebench_20260531_195535,1,190.2,594.94
single_qwen3.5-27b_bigcodebench_20260531_195535,1,190.3,594.75
single_qwen3.5-27b_bigcodebench_20260531_195535,1,190.4,602.12
single_qwen3.5-27b_bigcodebench_20260531_195535,1,190.5,597.96
single_qwen3.5-27b_bigcodebench_20260531_195535,1,190.6,601.05
single_qwen3.5-27b_bigcodebench_20260531_195535,1,190.7,601.22
single_qwen3.5-27b_bigcodebench_20260531_195535,1,190.8,600.3
single_qwen3.5-27b_bigcodebench_20260531_195535,1,190.9,592.71
single_qwen3.5-27b_bigcodebench_20260531_195535,1,191.0,597.27
single_qwen3.5-27b_bigcodebench_20260531_195535,1,191.1,597.29
single_qwen3.5-27b_bigcodebench_20260531_195535,1,191.2,599.42
single_qwen3.5-27b_bigcodebench_20260531_195535,1,191.3,597.14
single_qwen3.5-27b_bigcodebench_20260531_195535,1,191.4,597.66
single_qwen3.5-27b_bigcodebench_20260531_195535,1,191.5,608.07
single_qwen3.5-27b_bigcodebench_20260531_195535,1,191.6,599.55
single_qwen3.5-27b_bigcodebench_20260531_195535,1,191.7,596.81
single_qwen3.5-27b_bigcodebench_20260531_195535,1,191.8,596.11
single_qwen3.5-27b_bigcodebench_20260531_195535,1,191.9,596.61
single_qwen3.5-27b_bigcodebench_20260531_195535,1,192.0,589.25
single_qwen3.5-27b_bigcodebench_20260531_195535,1,192.1,603.7
single_qwen3.5-27b_bigcodebench_20260531_195535,1,192.2,595.46
single_qwen3.5-27b_bigcodebench_20260531_195535,1,192.3,599.48
single_qwen3.5-27b_bigcodebench_20260531_195535,1,192.4,610.01
single_qwen3.5-27b_bigcodebench_20260531_195535,1,192.5,604.41
single_qwen3.5-27b_bigcodebench_20260531_195535,1,192.6,594.49
single_qwen3.5-27b_bigcodebench_20260531_195535,1,192.7,595.92
single_qwen3.5-27b_bigcodebench_20260531_195535,1,192.8,593.92
single_qwen3.5-27b_bigcodebench_20260531_195535,1,192.9,591.87
single_qwen3.5-27b_bigcodebench_20260531_195535,1,193.0,597.39
single_qwen3.5-27b_bigcodebench_20260531_195535,1,193.1,606.24
single_qwen3.5-27b_bigcodebench_20260531_195535,1,193.2,598.44
single_qwen3.5-27b_bigcodebench_20260531_195535,1,193.3,594.17
single_qwen3.5-27b_bigcodebench_20260531_195535,1,193.4,602.45
single_qwen3.5-27b_bigcodebench_20260531_195535,1,193.5,608.09
single_qwen3.5-27b_bigcodebench_20260531_195535,1,193.6,590.61
single_qwen3.5-27b_bigcodebench_20260531_195535,1,193.7,405.59
single_qwen3.5-27b_bigcodebench_20260531_195535,1,193.8,412.63
single_qwen3.5-27b_bigcodebench_20260531_195535,1,193.9,405.08
single_qwen3.5-27b_bigcodebench_20260531_195535,1,194.0,410.18
single_qwen3.5-27b_bigcodebench_20260531_195535,1,194.1,412.05
single_qwen3.5-27b_bigcodebench_20260531_195535,1,194.2,412.8
single_qwen3.5-27b_bigcodebench_20260531_195535,1,194.3,413.69
single_qwen3.5-27b_bigcodebench_20260531_195535,1,194.4,412.53
single_qwen3.5-27b_bigcodebench_20260531_195535,1,194.5,412.81
single_qwen3.5-27b_bigcodebench_20260531_195535,1,194.6,412.03
single_qwen3.5-27b_bigcodebench_20260531_195535,1,194.7,401.43
single_qwen3.5-27b_bigcodebench_20260531_195535,1,194.8,408.92
single_qwen3.5-27b_bigcodebench_20260531_195535,1,194.9,407.37
single_qwen3.5-27b_bigcodebench_20260531_195535,1,195.0,409.9
single_qwen3.5-27b_bigcodebench_20260531_195535,1,195.1,410.76
single_qwen3.5-27b_bigcodebench_20260531_195535,1,195.2,409.99
single_qwen3.5-27b_bigcodebench_20260531_195535,1,195.3,410.66
single_qwen3.5-27b_bigcodebench_20260531_195535,1,195.4,410.38
single_qwen3.5-27b_bigcodebench_20260531_195535,1,195.5,412.5
single_qwen3.5-27b_bigcodebench_20260531_195535,1,195.6,404.17
single_qwen3.5-27b_bigcodebench_20260531_195535,1,195.7,405.6
single_qwen3.5-27b_bigcodebench_20260531_195535,1,195.8,403.31
single_qwen3.5-27b_bigcodebench_20260531_195535,1,195.9,405.52
single_qwen3.5-27b_bigcodebench_20260531_195535,1,196.0,406.38
single_qwen3.5-27b_bigcodebench_20260531_195535,1,196.1,411.92
single_qwen3.5-27b_bigcodebench_20260531_195535,1,196.2,409.01
single_qwen3.5-27b_bigcodebench_20260531_195535,1,196.3,410.53
single_qwen3.5-27b_bigcodebench_20260531_195535,1,196.4,405.69
single_qwen3.5-27b_bigcodebench_20260531_195535,1,196.5,406.12
single_qwen3.5-27b_bigcodebench_20260531_195535,1,196.6,406.18
single_qwen3.5-27b_bigcodebench_20260531_195535,1,196.7,409.99
single_qwen3.5-27b_bigcodebench_20260531_195535,1,196.8,403.53
single_qwen3.5-27b_bigcodebench_20260531_195535,1,196.9,411.0
single_qwen3.5-27b_bigcodebench_20260531_195535,1,197.0,403.66
single_qwen3.5-27b_bigcodebench_20260531_195535,1,197.1,404.82
single_qwen3.5-27b_bigcodebench_20260531_195535,1,197.2,409.89
single_qwen3.5-27b_bigcodebench_20260531_195535,1,197.3,409.9
single_qwen3.5-27b_bigcodebench_20260531_195535,1,197.4,410.16
single_qwen3.5-27b_bigcodebench_20260531_195535,1,197.5,408.14
single_qwen3.5-27b_bigcodebench_20260531_195535,1,197.6,405.76
single_qwen3.5-27b_bigcodebench_20260531_195535,1,197.7,400.84
single_qwen3.5-27b_bigcodebench_20260531_195535,1,197.8,410.84
